Rk,Player,Nation,Pos,Squad,Age,Born,MP,Starts,Min,90s,GA,GA90,SoTA,Saves,Save%,W,D,L,CS,CS%,PKatt,PKA,PKsv,PKm,Save%.1,year
1,Waleed Abdullah,KSA,GK,Al-Nassr,35.0,1986.0,20,19,1649,18.3,20.0,1.09,52.0,37,71.2,13.0,1.0,5.0,6,31.6,6,5,0,1,0.0,2021
2,Nawaf AlAqidi,KSA,GK,Al-Ta'ee,21.0,2000.0,7,7,630,7.0,5.0,0.71,25.0,20,80.0,5.0,1.0,1.0,3,42.9,0,0,0,0,13.3,2021
3,Nawaf AlAqidi,KSA,GK,Al-Nassr,21.0,2000.0,3,3,270,3.0,4.0,1.33,8.0,5,62.5,1.0,1.0,1.0,0,0.0,1,1,0,0,0.0,2021
4,Malik Asselah,ALG,GK,Al-Hazem,35.0,1986.0,8,8,720,8.0,4.0,0.5,16.0,16,81.3,1.0,3.0,4.0,3,37.5,4,1,3,0,75.0,2021
5,Muataz AlBagawi,KSA,GK,Al-Taawoun,23.0,1998.0,1,1,90,1.0,3.0,3.0,6.0,3,50.0,0.0,0.0,1.0,0,0.0,0,0,0,0,13.3,2021
6,Basil AlBahrani,KSA,GK,Al-Fateh,26.0,1995.0,2,2,180,2.0,4.0,2.0,14.0,12,85.7,0.0,0.0,2.0,0,0.0,2,2,0,0,0.0,2021
7,Zaid AlBawardi,KSA,GK,Al-Shabab,24.0,1997.0,1,1,90,1.0,0.0,0.0,3.0,3,100.0,0.0,1.0,0.0,1,100.0,0,0,0,0,13.3,2021
8,Ameen Bokhari,KSA,GK,Al-Nassr,24.0,1997.0,10,8,781,8.7,12.0,1.38,35.0,25,71.4,5.0,2.0,1.0,3,37.5,2,2,0,0,0.0,2021
9,Martín Campaña,URU,GK,Al-Batin,32.0,1989.0,29,29,2610,29.0,38.0,1.31,120.0,87,72.5,8.0,9.0,12.0,8,27.6,5,5,0,0,0.0,2021
10,Cássio,POR,GK,Al-Taawoun,40.0,1980.0,29,29,2610,29.0,45.0,1.55,113.0,75,66.4,7.0,13.0,9.0,5,17.2,8,7,0,1,0.0,2021
11,Waleed AlEnezi,KSA,GK,Al-Fateh,25.0,1996.0,1,0,11,0.1,1.0,8.18,2.0,1,50.0,0.0,0.0,0.0,0,18.3,0,0,0,0,13.3,2021
12,Mazyad Freeh,KSA,GK,Al-Batin,32.0,1989.0,1,1,90,1.0,3.0,3.0,9.0,6,66.7,0.0,0.0,1.0,0,0.0,0,0,0,0,13.3,2021
13,Moslem AlFreej,KSA,GK,Al-Fayha,33.0,1988.0,1,1,90,1.0,3.0,3.0,5.0,2,40.0,0.0,0.0,1.0,0,0.0,0,0,0,0,13.3,2021
14,Marcelo Grohe,BRA,GK,Al-Ittihad,34.0,1987.0,28,28,2474,27.5,25.0,0.91,90.0,68,74.4,18.0,5.0,5.0,12,42.9,3,2,1,0,33.3,2021
15,Marwan AlHaidari,KSA,GK,Al-Shabab,25.0,1996.0,1,1,90,1.0,2.0,2.0,3.0,2,66.7,0.0,0.0,1.0,0,0.0,1,1,0,0,0.0,2021
16,Iago Herrerín,ESP,GK,Al-Raed,33.0,1988.0,13,13,1170,13.0,24.0,1.85,56.0,35,60.7,3.0,3.0,7.0,2,15.4,3,2,1,0,33.3,2021
17,Mansor Joher,KSA,GK,Abha,26.0,1995.0,1,0,45,0.5,0.0,0.0,1.0,1,100.0,0.0,0.0,0.0,0,18.3,0,0,0,0,13.3,2021
18,Ahmed AlKassar,KSA,GK,Al-Faisaly,30.0,1991.0,16,15,1399,15.5,23.0,1.48,64.0,45,68.8,2.0,7.0,6.0,3,20.0,4,3,1,0,25.0,2021
19,Maksym Koval,UKR,GK,Al-Fateh,28.0,1992.0,28,28,2509,27.9,36.0,1.29,82.0,52,59.8,9.0,8.0,11.0,9,32.1,8,3,5,0,62.5,2021
20,Martin Lukov,BUL,GK,Al-Ta'ee,28.0,1993.0,18,18,1585,17.6,28.0,1.59,74.0,47,63.5,6.0,1.0,11.0,3,16.7,1,1,0,0,0.0,2021
21,Raïs M'Bolhi,ALG,GK,Al-Ettifaq,35.0,1986.0,27,27,2430,27.0,43.0,1.59,116.0,79,68.1,8.0,8.0,11.0,7,25.9,6,6,0,0,0.0,2021
22,Mohammed AlMahasneh,KSA,GK,Damac,28.219424460431654,1989.0359712230215,5,5,450,5.0,6.0,1.2,20.0,16,80.0,2.0,1.0,2.0,1,20.0,2,2,0,0,0.0,2021
23,Mustafa Malayekah,KSA,GK,Al-Faisaly,35.0,1986.0,16,15,1299,14.4,14.0,0.97,52.0,39,76.9,5.0,5.0,5.0,7,46.7,2,2,0,0,0.0,2021
24,Abdullah AlMayouf,KSA,GK,Al-Hilal,34.0,1987.0,29,29,2610,29.0,28.0,0.97,85.0,64,75.3,19.0,7.0,3.0,11,37.9,7,7,0,0,0.0,2021
25,Abdelali Mhamdi,MAR,GK,Abha,29.0,1991.0,24,24,2123,23.6,33.0,1.4,103.0,74,71.8,7.0,8.0,9.0,7,29.2,4,4,0,0,0.0,2021
26,Yasser AlMosailem,KSA,GK,Al-Ahli,37.0,1984.0,4,3,315,3.5,5.0,1.43,10.0,5,50.0,1.0,1.0,1.0,2,66.7,0,0,0,0,13.3,2021
27,Rakan Najjar,KSA,GK,Al-Ittihad,26.0,1995.0,3,2,226,2.5,4.0,1.59,9.0,5,55.6,2.0,0.0,0.0,0,0.0,0,0,0,0,13.3,2021
28,Bader Nawaf,KSA,GK,Al-Ta'ee,22.0,1999.0,6,5,485,5.4,12.0,2.23,23.0,13,56.5,0.0,2.0,3.0,0,0.0,2,2,0,0,0.0,2021
29,Mohammed AlOwais,KSA,GK,Al-Hilal,29.0,1991.0,1,1,90,1.0,0.0,0.0,1.0,1,100.0,1.0,0.0,0.0,1,100.0,0,0,0,0,13.3,2021
30,Mohammed AlOwais,KSA,GK,Al-Ahli,29.0,1991.0,9,9,810,9.0,15.0,1.67,45.0,30,66.7,0.0,5.0,4.0,0,0.0,0,0,0,0,13.3,2021
31,Abdullah AlOwaishir,KSA,GK,Al-Ettifaq,30.0,1991.0,3,3,270,3.0,4.0,1.33,11.0,7,63.6,0.0,2.0,1.0,1,33.3,0,0,0,0,13.3,2021
32,Fawaz AlQarni,KSA,GK,Al-Shabab,29.0,1992.0,27,27,2385,26.5,34.0,1.28,111.0,84,74.8,14.0,9.0,4.0,9,33.3,7,6,1,0,14.3,2021
33,Ahmed AlRehaili,KSA,GK,Al-Raed,26.0,1994.0,17,17,1530,17.0,21.0,1.24,55.0,37,67.3,7.0,3.0,7.0,6,35.3,4,3,0,1,0.0,2021
34,Dawod AlSaeed,KSA,GK,Al-Hazem,30.0,1991.0,8,8,720,8.0,15.0,1.87,29.0,15,51.7,1.0,2.0,5.0,1,12.5,2,1,0,1,0.0,2021
35,Hussain Shae'an,KSA,GK,Al-Shabab,32.0,1989.0,2,1,135,1.5,0.0,0.0,4.0,4,100.0,1.0,0.0,0.0,1,100.0,0,0,0,0,13.3,2021
36,Abdullah AlShammeri,KSA,GK,Abha,29.0,1991.0,7,6,532,5.9,10.0,1.69,24.0,15,62.5,2.0,0.0,4.0,1,16.7,1,1,0,0,0.0,2021
37,Vladimir Stojković,SRB,GK,Al-Fayha,38.0,1983.0,29,29,2610,29.0,21.0,0.72,112.0,94,83.0,8.0,11.0,10.0,13,44.8,4,2,2,0,50.0,2021
38,Mohammed AlYami,KSA,GK,Al-Ahli,23.0,1997.0,18,18,1575,17.5,23.0,1.31,69.0,50,72.5,5.0,8.0,5.0,4,22.2,4,4,0,0,0.0,2021
39,Ibrahim Zaied,KSA,GK,Al-Hazem,31.0,1990.0,14,14,1260,14.0,29.0,2.07,60.0,35,53.3,2.0,0.0,12.0,1,7.1,4,1,3,0,75.0,2021
40,Moustapha Zeghba,ALG,GK,Damac,30.0,1990.0,25,25,2250,25.0,38.0,1.52,132.0,102,74.2,10.0,7.0,8.0,8,32.0,8,4,4,0,50.0,2021
1,Waleed Abdullah,KSA,GK,Al-Nassr,34.0,1986.0,6,6,540,6.0,8.0,1.33,20.0,13,65.0,4.0,1.0,1.0,2,33.3,1,1,0,0,0.0,2020
2,Mohammed Ahmed Alhaeti,KSA,GK,Al-Ettifaq,28.219424460431654,1989.0359712230215,12,12,1080,12.0,22.0,1.83,57.0,38,66.7,4.0,1.0,7.0,1,8.3,3,3,0,0,0.0,2020
3,Giedrius Arlauskis,LTU,GK,Al-Shabab,32.0,1987.0,8,8,720,8.0,8.0,1.0,25.0,18,76.0,4.0,3.0,1.0,1,12.5,2,2,0,0,0.0,2020
4,Basil AlBahrani,KSA,GK,Al-Fateh,25.0,1995.0,1,1,90,1.0,2.0,2.0,5.0,3,60.0,1.0,0.0,0.0,0,0.0,0,0,0,0,13.3,2020
5,Zaid AlBawardi,KSA,GK,Al-Shabab,23.0,1997.0,22,22,1980,22.0,33.0,1.5,107.0,77,72.0,13.0,3.0,6.0,5,22.7,4,3,1,0,25.0,2020
6,Ameen Bokhari,KSA,GK,Al-Ain,23.0,1997.0,21,21,1774,19.7,41.0,2.08,86.0,54,59.3,5.0,5.0,11.0,5,23.8,10,6,4,0,40.0,2020
7,Martín Campaña,URU,GK,Al-Batin,31.0,1989.0,27,27,2428,27.0,48.0,1.78,145.0,106,72.4,9.0,9.0,9.0,3,11.1,10,8,1,1,11.1,2020
8,Cássio,POR,GK,Al-Taawoun,39.0,1980.0,28,28,2520,28.0,28.0,1.0,112.0,91,81.3,13.0,7.0,8.0,11,39.3,9,7,1,1,12.5,2020
9,Azzedine Doukha,ALG,GK,Al-Raed,33.0,1986.0,25,25,2250,25.0,35.0,1.4,90.0,56,63.3,7.0,6.0,12.0,7,28.0,3,2,0,1,0.0,2020
10,Mazyad Freeh,KSA,GK,Al-Batin,31.0,1989.0,4,3,272,3.0,7.0,2.32,22.0,16,72.7,0.0,0.0,3.0,1,33.3,1,1,0,0,0.0,2020
11,Marcelo Grohe,BRA,GK,Al-Ittihad,33.0,1987.0,29,29,2610,29.0,29.0,1.0,123.0,103,82.1,15.0,10.0,4.0,6,20.7,10,7,2,1,22.2,2020
12,Abdullah AlJadani,KSA,GK,Al-Hilal,28.0,1991.0,3,3,270,3.0,2.0,0.67,8.0,6,75.0,2.0,0.0,1.0,2,66.7,0,0,0,0,13.3,2020
13,Brad Jones,AUS,GK,Al-Nassr,38.0,1982.0,24,24,2160,24.0,32.0,1.33,76.0,51,65.8,9.0,6.0,9.0,5,20.8,8,6,1,1,14.3,2020
14,Ahmed AlKassar,KSA,GK,Al-Faisaly,29.0,1991.0,3,3,270,3.0,4.0,1.33,14.0,10,71.4,1.0,1.0,1.0,1,33.3,0,0,0,0,13.3,2020
15,Maksym Koval,UKR,GK,Al-Fateh,27.0,1992.0,29,29,2610,29.0,54.0,1.86,126.0,78,61.1,11.0,6.0,12.0,4,13.8,7,5,1,1,16.7,2020
16,Raïs M'Bolhi,ALG,GK,Al-Ettifaq,34.0,1986.0,18,18,1620,18.0,26.0,1.44,52.0,36,67.3,10.0,4.0,4.0,3,16.7,11,9,1,1,10.0,2020
17,Mustafa Malayekah,KSA,GK,Al-Faisaly,34.0,1986.0,27,27,2430,27.0,43.0,1.59,100.0,66,63.0,8.0,8.0,11.0,4,14.8,9,6,3,0,33.3,2020
18,Faisel Masrahi,KSA,GK,Al-Qadsiah,27.0,1993.0,28,28,2475,27.5,40.0,1.45,128.0,94,71.9,8.0,11.0,9.0,3,10.7,7,4,2,1,33.3,2020
19,Abdullah AlMayouf,KSA,GK,Al-Hilal,33.0,1987.0,19,19,1710,19.0,18.0,0.95,64.0,54,81.3,12.0,4.0,3.0,7,36.8,8,6,2,0,25.0,2020
20,Abdelali Mhamdi,MAR,GK,Abha,28.0,1991.0,30,30,2700,30.0,50.0,1.67,162.0,118,72.2,10.0,6.0,14.0,4,13.3,7,5,1,1,16.7,2020
21,Yasser AlMosailem,KSA,GK,Al-Ahli,36.0,1984.0,4,3,287,3.2,5.0,1.57,16.0,12,75.0,2.0,0.0,1.0,2,66.7,1,1,0,0,0.0,2020
22,Raghid Najjar,KSA,GK,Al-Wehda,23.0,1996.0,3,3,270,3.0,5.0,1.67,15.0,11,73.3,1.0,0.0,2.0,0,0.0,1,1,0,0,0.0,2020
23,Saleh AlOhaymid,KSA,GK,Al-Ain,22.0,1998.0,4,2,255,2.8,5.0,1.76,6.0,3,50.0,0.0,0.0,2.0,1,50.0,2,2,0,0,0.0,2020
24,Mohammed AlOwais,KSA,GK,Al-Ahli,28.0,1991.0,20,20,1800,20.0,44.0,2.2,102.0,70,67.6,6.0,4.0,10.0,1,5.0,12,11,1,0,8.3,2020
25,Abdullah AlOwaishir,KSA,GK,Al-Wehda,29.0,1991.0,27,27,2430,27.0,56.0,2.07,136.0,89,65.4,8.0,5.0,14.0,3,11.1,10,9,0,1,0.0,2020
26,Fawaz AlQarni,KSA,GK,Al-Ittihad,28.0,1992.0,1,1,90,1.0,0.0,0.0,1.0,1,100.0,0.0,1.0,0.0,1,100.0,0,0,0,0,13.3,2020
27,Ahmed AlRehaili,KSA,GK,Al-Raed,25.0,1994.0,5,5,450,5.0,10.0,2.0,14.0,9,57.1,3.0,0.0,2.0,0,0.0,5,4,1,0,20.0,2020
28,Hussain Shae'an,KSA,GK,Al-Taawoun,31.0,1989.0,2,2,180,2.0,2.0,1.0,8.0,7,87.5,0.0,1.0,1.0,0,0.0,1,1,0,0,0.0,2020
29,Mohammed AlShammari,KSA,GK,Al-Ain,28.0,1991.0,8,7,671,7.5,18.0,2.41,46.0,31,65.2,0.0,0.0,7.0,1,14.3,3,2,1,0,33.3,2020
30,Khalid Sharahili,KSA,GK,Damac,33.0,1987.0,8,8,720,8.0,13.0,1.62,30.0,18,60.0,2.0,2.0,4.0,2,25.0,1,1,0,0,0.0,2020
31,Mohammed AlWaked,KSA,GK,Al-Qadsiah,28.0,1992.0,3,2,225,2.5,6.0,2.4,6.0,2,33.3,0.0,0.0,2.0,0,0.0,2,2,0,0,0.0,2020
32,Habib AlWatyan,KSA,GK,Al-Hilal,23.0,1996.0,8,8,720,8.0,7.0,0.87,26.0,20,76.9,4.0,3.0,1.0,2,25.0,1,1,0,0,0.0,2020
33,Mohammed AlYami,KSA,GK,Al-Ahli,22.0,1997.0,7,7,613,6.8,7.0,1.03,33.0,27,81.8,3.0,2.0,2.0,4,57.1,1,1,0,0,0.0,2020
34,Moustapha Zeghba,ALG,GK,Damac,29.0,1990.0,22,22,1980,22.0,33.0,1.5,100.0,70,70.0,7.0,7.0,8.0,4,18.2,4,3,1,0,25.0,2020
1,Mohammed Ahmed Alhaeti,KSA,GK,Al-Ettifaq,28.219424460431654,1989.0359712230215,2,2,180,2.0,1.0,0.5,3.0,2,66.7,1.0,1.0,0.0,1,50.0,0,0,0,0,13.3,2019
2,Malik Asselah,ALG,GK,Al-Hazem,33.0,1986.0,29,29,2610,29.0,60.0,2.07,150.0,101,66.7,7.0,6.0,16.0,4,13.8,11,10,1,0,9.1,2019
3,Abdulquddus Atiah,KSA,GK,Al-Wehda,22.0,1997.0,1,1,90,1.0,3.0,3.0,6.0,3,50.0,0.0,0.0,1.0,0,0.0,0,0,0,0,13.3,2019
4,Basim AlBaqi,KSA,GK,Al-Ahli,29.0,1989.0,1,1,90,1.0,1.0,1.0,3.0,3,66.7,0.0,1.0,0.0,0,0.0,1,0,1,0,100.0,2019
5,Zaid AlBawardi,KSA,GK,Al-Nassr,22.0,1997.0,2,1,113,1.3,1.0,0.8,4.0,3,75.0,0.0,1.0,0.0,0,0.0,0,0,0,0,13.3,2019
6,Farouk Ben Mustapha,TUN,GK,Al-Shabab,30.0,1989.0,25,25,2191,24.3,32.0,1.31,93.0,68,72.0,11.0,4.0,10.0,10,40.0,7,6,1,0,14.3,2019
7,Cássio,POR,GK,Al-Taawoun,38.0,1980.0,29,29,2610,29.0,38.0,1.31,130.0,94,72.3,10.0,5.0,14.0,6,20.7,2,2,0,0,0.0,2019
8,Azzedine Doukha,ALG,GK,Al-Raed,32.0,1986.0,29,29,2610,29.0,50.0,1.72,126.0,89,67.5,12.0,7.0,10.0,6,20.7,13,9,4,0,30.8,2019
9,Moslem AlFreej,KSA,GK,Al-Fayha,31.0,1988.0,14,14,1260,14.0,19.0,1.36,56.0,42,75.0,4.0,4.0,6.0,3,21.4,5,5,0,0,0.0,2019
10,Marcelo Grohe,BRA,GK,Al-Ittihad,32.0,1987.0,17,17,1530,17.0,18.0,1.06,57.0,42,71.9,5.0,7.0,5.0,3,17.6,4,2,1,1,33.3,2019
11,Marwan AlHaidari,KSA,GK,Al-Shabab,23.0,1996.0,5,5,450,5.0,5.0,1.0,22.0,18,81.8,1.0,3.0,1.0,1,20.0,1,1,0,0,0.0,2019
12,Abdullah AlJadani,KSA,GK,Al-Wehda,27.0,1991.0,18,18,1620,18.0,25.0,1.39,73.0,53,71.2,10.0,1.0,7.0,5,27.8,5,4,1,0,20.0,2019
13,Brad Jones,AUS,GK,Al-Nassr,37.0,1982.0,29,29,2584,28.7,26.0,0.91,81.0,58,71.6,19.0,6.0,4.0,12,41.4,3,3,0,0,0.0,2019
14,Ahmed AlKassar,KSA,GK,Al-Faisaly,28.0,1991.0,3,3,180,2.0,4.0,2.0,5.0,3,60.0,0.0,1.0,1.0,0,0.0,2,2,0,0,0.0,2019
15,Maksym Koval,UKR,GK,Al-Fateh,26.0,1992.0,18,18,1620,18.0,34.0,1.89,80.0,52,63.8,2.0,6.0,10.0,1,5.6,6,5,1,0,16.7,2019
16,Raïs M'Bolhi,ALG,GK,Al-Ettifaq,33.0,1986.0,28,28,2519,28.0,38.0,1.36,109.0,76,69.7,12.0,2.0,14.0,8,28.6,6,5,0,1,0.0,2019
17,Mustafa Malayekah,KSA,GK,Al-Faisaly,33.0,1986.0,28,28,2520,28.0,32.0,1.14,100.0,72,71.0,14.0,5.0,9.0,8,28.6,5,3,1,1,25.0,2019
18,Aymen Mathlouthi,TUN,GK,Al-Adalah,34.0,1984.0,10,10,874,9.7,17.0,1.75,47.0,32,66.0,2.0,3.0,5.0,1,10.0,2,1,1,0,50.0,2019
19,Abdullah AlMayouf,KSA,GK,Al-Hilal,32.0,1987.0,27,27,2430,27.0,24.0,0.89,86.0,65,75.6,19.0,6.0,2.0,9,33.3,5,3,1,1,25.0,2019
20,Ali AlMazidi,KSA,GK,Al-Adalah,33.0,1985.0,18,18,1620,18.0,40.0,2.22,95.0,57,58.9,2.0,6.0,10.0,3,16.7,4,1,1,2,50.0,2019
21,Abdelali Mhamdi,MAR,GK,Abha,27.0,1991.0,30,30,2700,30.0,52.0,1.73,137.0,96,67.9,11.0,5.0,14.0,3,10.0,11,8,3,0,27.3,2019
22,Mohamed AlMoqahwi,KSA,GK,Al-Adalah,24.0,1995.0,3,2,206,2.3,5.0,2.18,12.0,8,66.7,0.0,0.0,2.0,0,0.0,2,1,0,1,0.0,2019
23,Yasser AlMosailem,KSA,GK,Al-Ahli,35.0,1984.0,17,16,1431,15.9,22.0,1.38,71.0,51,71.8,6.0,2.0,8.0,1,6.3,2,2,0,0,0.0,2019
24,Mohammed AlOwais,KSA,GK,Al-Ahli,27.0,1991.0,13,13,1099,12.2,11.0,0.9,49.0,39,79.6,9.0,2.0,2.0,4,30.8,1,1,0,0,0.0,2019
25,Abdullah AlOwaishir,KSA,GK,Al-Shabab,28.0,1991.0,1,0,59,0.7,0.0,0.0,2.0,2,100.0,0.0,0.0,0.0,0,18.3,0,0,0,0,13.3,2019
26,Assaf AlQarni,KSA,GK,Al-Ittihad,35.0,1984.0,1,1,90,1.0,1.0,1.0,4.0,3,75.0,0.0,0.0,1.0,0,0.0,0,0,0,0,13.3,2019
27,Fawaz AlQarni,KSA,GK,Al-Ittihad,27.0,1992.0,12,12,1080,12.0,22.0,1.83,55.0,35,63.6,4.0,1.0,7.0,0,0.0,2,2,0,0,0.0,2019
28,Chamseddine Rahmani,ALG,GK,Damac,28.0,1990.0,12,12,1080,12.0,27.0,2.25,58.0,35,60.3,2.0,1.0,9.0,0,0.0,4,4,0,0,0.0,2019
29,Ahmed AlRehaili,KSA,GK,Al-Raed,24.0,1994.0,2,2,90,1.0,0.0,0.0,5.0,5,100.0,1.0,0.0,0.0,1,50.0,0,0,0,0,13.3,2019
30,Dawod AlSaeed,KSA,GK,Al-Hazem,28.0,1991.0,1,1,90,1.0,1.0,1.0,6.0,5,83.3,0.0,0.0,1.0,0,0.0,0,0,0,0,13.3,2019
31,Hussain Shae'an,KSA,GK,Al-Taawoun,30.0,1989.0,1,1,90,1.0,2.0,2.0,5.0,3,60.0,0.0,0.0,1.0,0,0.0,0,0,0,0,13.3,2019
32,Amer Shafi,JOR,GK,Al-Fayha,37.0,1982.0,16,16,1440,16.0,25.0,1.56,77.0,53,68.8,4.0,4.0,8.0,2,12.5,1,1,0,0,0.0,2019
33,Khalid Sharahili,KSA,GK,Damac,32.0,1987.0,2,2,180,2.0,3.0,1.5,8.0,6,75.0,1.0,0.0,1.0,1,50.0,1,1,0,0,0.0,2019
34,Mohammed AlWaked,KSA,GK,Al-Hilal,27.0,1992.0,3,3,270,3.0,2.0,0.67,11.0,9,81.8,3.0,0.0,0.0,1,33.3,0,0,0,0,13.3,2019
35,Habib AlWatyan,KSA,GK,Al-Fateh,22.0,1996.0,12,12,1080,12.0,15.0,1.25,40.0,31,77.5,6.0,3.0,3.0,4,33.3,6,6,0,0,0.0,2019
36,Mohammed AlYami,KSA,GK,Al-Ahli,21.0,1997.0,1,0,80,0.9,2.0,2.25,3.0,2,66.7,0.0,0.0,0.0,0,18.3,1,1,0,0,0.0,2019
37,Moustapha Zeghba,ALG,GK,Al-Wehda,28.0,1990.0,11,11,990,11.0,12.0,1.09,42.0,30,71.4,6.0,0.0,5.0,5,45.5,1,0,0,1,13.3,2019
38,Moustapha Zeghba,ALG,GK,Damac,28.0,1990.0,16,16,1440,16.0,22.0,1.37,77.0,62,80.5,6.0,7.0,3.0,4,25.0,7,7,0,0,0.0,2019
1,Waleed Abdullah,KSA,GK,Al-Nassr,32.0,1986.0,7,6,545,6.1,7.0,1.16,25.0,19,76.0,5.0,1.0,0.0,2,33.3,1,1,0,0,0.0,2018
2,Mohammed Ahmed Alhaeti,KSA,GK,Al-Ettifaq,28.219424460431654,1989.0359712230215,2,1,135,1.5,1.0,0.67,6.0,7,83.3,0.0,0.0,1.0,0,0.0,2,0,2,0,100.0,2018
3,Malik Asselah,ALG,GK,Al-Hazem,32.0,1986.0,30,30,2699,30.0,48.0,1.6,148.0,109,72.3,7.0,10.0,13.0,4,13.3,10,7,2,1,22.2,2018
4,Mohamed Awad,EGY,GK,Al-Wehda,26.0,1992.0,27,27,2394,26.6,31.0,1.17,109.0,81,74.3,12.0,4.0,11.0,6,22.2,4,3,0,1,0.0,2018
5,Mohammed Awaji,KSA,GK,Al-Shabab,23.0,1994.0,2,2,180,2.0,1.0,0.5,14.0,14,100.0,2.0,0.0,0.0,1,50.0,1,1,0,0,0.0,2018
6,Abdullah AlBahri,KSA,GK,Al-Ettifaq,23.0,1995.0,1,1,90,1.0,5.0,5.0,8.0,3,37.5,0.0,0.0,1.0,0,0.0,0,0,0,0,13.3,2018
7,Abdu AlBasisi,KSA,GK,Ohod,41.0,1977.0,3,2,249,2.8,9.0,3.25,20.0,12,60.0,0.0,0.0,2.0,0,0.0,1,1,0,0,0.0,2018
8,Farouk Ben Mustapha,TUN,GK,Al-Shabab,29.0,1989.0,27,27,2430,27.0,21.0,0.78,97.0,79,81.4,13.0,9.0,5.0,10,37.0,4,3,0,1,0.0,2018
9,Cristian Bonilla,COL,GK,Al-Fayha,25.0,1993.0,15,15,1350,15.0,28.0,1.87,66.0,42,63.6,3.0,3.0,9.0,0,0.0,4,4,0,0,0.0,2018
10,Cássio,POR,GK,Al-Taawoun,37.0,1980.0,29,29,2610,29.0,31.0,1.07,98.0,70,71.4,15.0,8.0,6.0,10,34.5,3,3,0,0,0.0,2018
11,Azzedine Doukha,ALG,GK,Al-Raed,31.0,1986.0,29,29,2610,29.0,41.0,1.41,132.0,94,71.2,10.0,8.0,11.0,8,27.6,3,3,0,0,0.0,2018
12,Jack Duncan,AUS,GK,Al-Qadsiah,25.0,1993.0,29,29,2565,28.5,48.0,1.68,137.0,96,69.3,8.0,4.0,17.0,6,20.7,8,6,1,1,14.3,2018
13,Adriano Facchini,BRA,GK,Al-Batin,35.0,1983.0,25,25,2232,24.8,40.0,1.61,118.0,82,69.5,6.0,3.0,16.0,7,28.0,4,4,0,0,0.0,2018
14,Moslem AlFreej,KSA,GK,Al-Fayha,30.0,1988.0,3,2,194,2.2,7.0,3.25,16.0,9,56.3,1.0,0.0,1.0,1,50.0,0,0,0,0,13.3,2018
15,Ali AlHabsi,OMA,GK,Al-Hilal,36.0,1981.0,21,21,1870,20.8,21.0,1.01,51.0,34,66.7,15.0,4.0,2.0,6,28.6,4,4,0,0,0.0,2018
16,Abdullah AlJadani,KSA,GK,Al-Wehda,26.0,1991.0,4,3,306,3.4,7.0,2.06,21.0,15,71.4,0.0,2.0,1.0,0,0.0,1,1,0,0,0.0,2018
17,Brad Jones,AUS,GK,Al-Nassr,36.0,1982.0,25,24,2110,23.4,18.0,0.77,63.0,48,76.2,17.0,3.0,4.0,11,45.8,4,3,0,1,0.0,2018
18,Maksym Koval,UKR,GK,Al-Fateh,25.0,1992.0,29,29,2610,29.0,40.0,1.38,131.0,93,70.2,8.0,11.0,10.0,11,37.9,6,1,1,4,50.0,2018
19,Zouheir Laaroubi,MAR,GK,Ohod,34.0,1984.0,16,16,1371,15.2,32.0,2.1,65.0,40,60.0,1.0,3.0,12.0,2,12.5,7,6,1,0,14.3,2018
20,Raïs M'Bolhi,ALG,GK,Al-Ettifaq,32.0,1986.0,22,22,1916,21.3,36.0,1.69,84.0,56,65.5,7.0,8.0,7.0,6,27.3,8,7,1,0,12.5,2018
21,Mustafa Malayekah,KSA,GK,Al-Faisaly,32.0,1986.0,30,30,2700,30.0,47.0,1.57,131.0,90,68.7,12.0,7.0,11.0,7,23.3,6,6,0,0,0.0,2018
22,Faisel Masrahi,KSA,GK,Al-Qadsiah,25.0,1993.0,2,1,135,1.5,3.0,2.0,14.0,11,78.6,0.0,0.0,1.0,0,0.0,0,0,0,0,13.3,2018
23,Abdullah AlMayouf,KSA,GK,Al-Hilal,31.0,1987.0,10,9,830,9.2,12.0,1.3,31.0,21,67.7,6.0,2.0,1.0,3,33.3,2,2,0,0,0.0,2018
24,Ali AlMazidi,KSA,GK,Al-Fateh,32.0,1985.0,1,1,90,1.0,4.0,4.0,4.0,0,0.0,0.0,0.0,1.0,0,0.0,0,0,0,0,13.3,2018
25,Yasser AlMosailem,KSA,GK,Al-Ahli,34.0,1984.0,4,4,360,4.0,9.0,2.25,21.0,13,61.9,2.0,0.0,2.0,0,0.0,1,1,0,0,0.0,2018
26,Rakan Najjar,KSA,GK,Al-Ittihad,23.0,1995.0,1,1,90,1.0,3.0,3.0,6.0,3,50.0,0.0,0.0,1.0,0,0.0,0,0,0,0,13.3,2018
27,Ignatiy Nesterov,UZB,GK,Ohod,35.0,1983.0,2,2,180,2.0,2.0,1.0,6.0,4,66.7,2.0,0.0,0.0,0,0.0,1,0,0,1,13.3,2018
28,Mohammed AlOwais,KSA,GK,Al-Ahli,26.0,1991.0,26,26,2340,26.0,32.0,1.23,118.0,90,75.4,15.0,4.0,7.0,9,34.6,4,3,1,0,25.0,2018
29,Abdullah AlOwaishir,KSA,GK,Al-Nassr,27.0,1991.0,1,0,45,0.5,2.0,4.0,3.0,2,66.7,0.0,0.0,0.0,0,18.3,1,1,0,0,0.0,2018
30,Abdullah AlOwaishir,KSA,GK,Ohod,27.0,1991.0,6,6,540,6.0,13.0,2.17,39.0,26,66.7,0.0,3.0,3.0,2,33.3,0,0,0,0,13.3,2018
31,Assaf AlQarni,KSA,GK,Al-Ittihad,34.0,1984.0,7,7,630,7.0,16.0,2.29,30.0,16,53.3,0.0,2.0,5.0,0,0.0,3,2,0,1,0.0,2018
32,Fawaz AlQarni,KSA,GK,Al-Ittihad,26.0,1992.0,22,22,1980,22.0,24.0,1.09,83.0,63,74.7,9.0,5.0,8.0,7,31.8,4,3,1,0,25.0,2018
33,Abdullah AlSaleh,KSA,GK,Al-Ettifaq,28.0,1989.0,7,6,559,6.2,14.0,2.25,38.0,26,68.4,1.0,1.0,4.0,1,16.7,2,2,0,0,0.0,2018
34,Hussain Shae'an,KSA,GK,Al-Taawoun,29.0,1989.0,1,1,90,1.0,1.0,1.0,3.0,2,66.7,1.0,0.0,0.0,0,0.0,0,0,0,0,13.3,2018
35,Amer Shafi,JOR,GK,Al-Fayha,36.0,1982.0,13,13,1156,12.8,18.0,1.4,58.0,43,74.1,5.0,2.0,6.0,2,15.4,3,3,0,0,0.0,2018
36,Abdullah AlShammeri,KSA,GK,Al-Raed,26.0,1991.0,1,1,90,1.0,5.0,5.0,10.0,5,50.0,0.0,0.0,1.0,0,0.0,0,0,0,0,13.3,2018
37,Khalid Sharahili,KSA,GK,Ohod,31.0,1987.0,4,4,360,4.0,8.0,2.0,23.0,17,73.9,2.0,0.0,2.0,2,50.0,3,2,0,1,0.0,2018
38,Abdullah AlSudairy,KSA,GK,Al-Shabab,26.0,1992.0,1,1,90,1.0,4.0,4.0,9.0,5,55.6,0.0,0.0,1.0,0,0.0,0,0,0,0,13.3,2018
39,Mohammed AlYami,KSA,GK,Al-Batin,20.0,1997.0,6,5,468,5.2,8.0,1.54,19.0,11,57.9,1.0,1.0,3.0,1,20.0,0,0,0,0,13.3,2018
1,Waleed Abdullah,KSA,GK,Al-Nassr,31.0,1986.0,20,20,1764,19.6,24.0,1.22,51.3,0,69.3,10.0,7.0,3.0,5,25.0,2,1,0,1,0.0,2017
2,Mohammed Assiri,KSA,GK,Al-Qadsiah,24.0,1992.0,3,3,270,3.0,6.0,2.0,51.3,0,69.3,2.0,0.0,1.0,0,0.0,1,1,0,0,0.0,2017
3,Farouk Ben Mustapha,TUN,GK,Al-Shabab,28.0,1989.0,26,26,2315,25.7,34.0,1.32,51.3,0,69.3,8.0,7.0,11.0,5,19.2,4,3,1,0,25.0,2017
4,Abdulrahman Dagriri,KSA,GK,Al-Fayha,27.0,1990.0,14,14,1260,14.0,17.0,1.21,51.3,0,69.3,6.0,6.0,2.0,5,35.7,3,3,0,0,0.0,2017
5,Azzedine Doukha,ALG,GK,Ohod,30.0,1986.0,26,26,2340,26.0,47.0,1.81,51.3,0,69.3,4.0,6.0,16.0,3,11.5,7,7,0,0,0.0,2017
6,Mazyad Freeh,KSA,GK,Al-Batin,28.0,1989.0,17,17,1530,17.0,25.0,1.47,51.3,0,69.3,5.0,5.0,7.0,4,23.5,4,3,1,0,25.0,2017
7,Moslem AlFreej,KSA,GK,Al-Fayha,29.0,1988.0,5,5,450,5.0,13.0,2.6,51.3,0,69.3,1.0,0.0,4.0,0,0.0,2,2,0,0,0.0,2017
8,Sultan AlGhamdi,KSA,GK,Al-Taawoun,25.0,1992.0,1,1,90,1.0,18.3,1.3,51.3,0,69.3,0.0,0.0,1.0,0,0.0,0,0,0,0,13.3,2017
9,Ali AlHabsi,OMA,GK,Al-Hilal,35.0,1981.0,13,13,1170,13.0,9.0,0.69,51.3,0,69.3,7.0,5.0,1.0,4,30.8,1,1,0,0,0.0,2017
10,Essam El-Hadary,EGY,GK,Al-Taawoun,44.0,1973.0,25,25,2250,25.0,33.0,1.32,51.3,0,69.3,9.0,7.0,9.0,6,24.0,4,1,1,2,50.0,2017
11,Ahmed AlKassar,KSA,GK,Al-Ettifaq,26.0,1991.0,10,10,900,10.0,21.0,2.1,51.3,0,69.3,3.0,2.0,5.0,0,0.0,1,1,0,0,0.0,2017
12,Raïs M'Bolhi,ALG,GK,Al-Ettifaq,31.0,1986.0,9,9,810,9.0,11.0,1.22,51.3,0,69.3,5.0,3.0,1.0,2,22.2,0,0,0,0,13.3,2017
13,Mustafa Malayekah,KSA,GK,Al-Faisaly,31.0,1986.0,26,26,2340,26.0,31.0,1.19,51.3,0,69.3,9.0,8.0,9.0,6,23.1,6,5,1,0,16.7,2017
14,Faisel Masrahi,KSA,GK,Al-Qadsiah,24.0,1993.0,23,23,2070,23.0,33.0,1.43,51.3,0,69.3,4.0,7.0,12.0,4,17.4,9,6,2,1,25.0,2017
15,Aymen Mathlouthi,TUN,GK,Al-Batin,32.0,1984.0,7,7,630,7.0,18.0,2.57,51.3,0,69.3,2.0,1.0,4.0,1,14.3,3,2,1,0,33.3,2017
16,Abdullah AlMayouf,KSA,GK,Al-Hilal,30.0,1987.0,13,13,1170,13.0,13.0,1.0,51.3,0,69.3,9.0,3.0,1.0,4,30.8,3,2,1,0,33.3,2017
17,Ali AlMazidi,KSA,GK,Al-Fateh,31.0,1985.0,23,23,2070,23.0,27.0,1.17,51.3,0,69.3,9.0,8.0,6.0,8,34.8,3,2,0,1,0.0,2017
18,Yasser AlMosailem,KSA,GK,Al-Ahli,33.0,1984.0,2,2,180,2.0,0.0,0.0,51.3,0,69.3,2.0,0.0,0.0,2,100.0,0,0,0,0,13.3,2017
19,Nasser AlMuheeni,KSA,GK,Al-Batin,28.0,1988.0,3,2,180,2.0,2.0,1.0,51.3,0,69.3,1.0,1.0,0.0,0,0.0,1,1,0,0,0.0,2017
20,Saleh AlOhaymid,KSA,GK,Al-Nassr,19.0,1998.0,1,1,90,1.0,18.3,1.3,51.3,0,69.3,1.0,0.0,0.0,0,0.0,0,0,0,0,13.3,2017
21,Mohammed AlOwais,KSA,GK,Al-Ahli,25.0,1991.0,24,24,2160,24.0,26.0,1.08,51.3,0,69.3,14.0,7.0,3.0,7,29.2,6,2,1,3,33.3,2017
22,Abdullah AlOwaishir,KSA,GK,Al-Fateh,26.0,1991.0,3,3,270,3.0,8.0,2.67,51.3,0,69.3,0.0,1.0,2.0,1,33.3,2,1,1,0,50.0,2017
23,Assaf AlQarni,KSA,GK,Al-Ittihad,33.0,1984.0,8,8,720,8.0,8.0,1.0,51.3,0,69.3,3.0,3.0,2.0,2,25.0,1,0,1,0,100.0,2017
24,Fawaz AlQarni,KSA,GK,Al-Ittihad,25.0,1992.0,18,18,1620,18.0,30.0,1.67,51.3,0,69.3,5.0,6.0,7.0,3,16.7,4,2,1,1,33.3,2017
25,Ahmed AlRehaili,KSA,GK,Al-Raed,22.0,1994.0,7,7,630,7.0,15.0,2.14,51.3,0,69.3,1.0,2.0,4.0,0,0.0,3,3,0,0,0.0,2017
26,Abdullah AlSaleh,KSA,GK,Al-Ettifaq,27.0,1989.0,7,7,630,7.0,11.0,1.57,51.3,0,69.3,2.0,1.0,4.0,1,14.3,2,2,0,0,0.0,2017
27,Hussain Shae'an,KSA,GK,Al-Nassr,28.0,1989.0,6,5,486,5.4,9.0,1.67,51.3,0,69.3,1.0,1.0,3.0,0,0.0,0,0,0,0,13.3,2017
28,Fahad AlShamri,KSA,GK,Al-Fayha,36.0,1981.0,7,7,630,7.0,9.0,1.29,51.3,0,69.3,1.0,4.0,2.0,1,14.3,0,0,0,0,13.3,2017
29,Mutaeb Sharahili,KSA,GK,Al-Raed,24.0,1992.0,19,19,1710,19.0,37.0,1.95,51.3,0,69.3,4.0,7.0,8.0,2,10.5,5,5,0,0,0.0,2017
30,Abdullah AlSudairy,KSA,GK,Al-Shabab,25.0,1992.0,1,0,25,0.3,18.3,1.3,51.3,0,69.3,4.3,2.3,4.3,0,18.3,0,0,0,0,13.3,2017
1,Waleed Abdullah,KSA,GK,Al-Shabab,30.0,1986.0,13,13,1170,13.0,18.3,1.3,51.3,0,69.3,4.0,7.0,2.0,4,30.8,3,3,0,0,0.0,2016
2,Ali AlAmeri,KSA,GK,Al-Ittihad,21.0,1994.0,2,2,180,2.0,18.3,1.3,51.3,0,69.3,1.0,0.0,1.0,1,50.0,0,0,0,0,13.3,2016
3,Abdullah AlArraf,KSA,GK,Al-Wehda,21.0,1995.0,16,16,1440,16.0,18.3,1.3,51.3,0,69.3,2.0,2.0,12.0,1,6.3,4,4,0,0,0.0,2016
4,Mohammed Assiri,KSA,GK,Al-Qadsiah,23.0,1992.0,5,4,360,4.0,18.3,1.3,51.3,0,69.3,0.0,2.0,2.0,1,25.0,2,1,0,1,0.0,2016
5,Mohammed Awaji,KSA,GK,Al-Shabab,21.0,1994.0,7,7,630,7.0,18.3,1.3,51.3,0,69.3,2.0,1.0,4.0,1,14.3,2,1,0,1,0.0,2016
6,Abdullah AlEnezi,KSA,GK,Al-Nassr,25.0,1990.0,7,7,630,7.0,18.3,1.3,51.3,0,69.3,4.0,1.0,2.0,3,42.9,0,0,0,0,13.3,2016
7,Waleed AlEnezi,KSA,GK,Al-Nassr,20.0,1996.0,7,7,630,7.0,18.3,1.3,51.3,0,69.3,4.0,1.0,2.0,3,42.9,0,0,0,0,13.3,2016
8,Mazyad Freeh,KSA,GK,Al-Batin,27.0,1989.0,24,24,2160,24.0,18.3,1.3,51.3,0,69.3,5.0,8.0,11.0,6,25.0,3,3,0,0,0.0,2016
9,Moslem AlFreej,KSA,GK,Al-Khaleej,28.0,1988.0,26,26,2340,26.0,18.3,1.3,51.3,0,69.3,5.0,8.0,13.0,3,11.5,8,5,0,3,0.0,2016
10,Ahmed AlGhamdi,KSA,GK,Al-Wehda,22.0,1994.0,5,4,406,4.5,18.3,1.3,51.3,0,69.3,2.0,0.0,2.0,0,0.0,1,1,0,0,0.0,2016
11,Sultan AlGhamdi,KSA,GK,Al-Taawoun,24.0,1992.0,5,4,405,4.5,18.3,1.3,51.3,0,69.3,1.0,0.0,3.0,1,25.0,1,1,0,0,0.0,2016
12,Mansor Joher,KSA,GK,Al-Shabab,21.0,1995.0,5,5,450,5.0,18.3,1.3,51.3,0,69.3,1.0,1.0,3.0,0,0.0,2,1,0,1,0.0,2016
13,Ahmed AlKassar,KSA,GK,Al-Ettifaq,25.0,1991.0,26,26,2340,26.0,18.3,1.3,51.3,0,69.3,7.0,6.0,13.0,3,11.5,4,3,0,1,0.0,2016
14,Mustafa Malayekah,KSA,GK,Al-Faisaly,30.0,1986.0,17,17,1530,17.0,18.3,1.3,51.3,0,69.3,4.0,7.0,6.0,4,23.5,2,2,0,0,0.0,2016
15,Faisel Masrahi,KSA,GK,Al-Qadsiah,23.0,1993.0,22,22,1980,22.0,18.3,1.3,51.3,0,69.3,6.0,8.0,8.0,3,13.6,4,3,1,0,25.0,2016
16,Abdullah AlMayouf,KSA,GK,Al-Hilal,29.0,1987.0,26,26,2340,26.0,18.3,1.3,51.3,0,69.3,21.0,3.0,2.0,13,50.0,2,0,2,0,100.0,2016
17,Ali AlMazidi,KSA,GK,Al-Fateh,30.0,1985.0,5,5,450,5.0,18.3,1.3,51.3,0,69.3,2.0,1.0,2.0,1,20.0,1,1,0,0,0.0,2016
18,Yasser AlMosailem,KSA,GK,Al-Ahli,32.0,1984.0,16,16,1371,15.2,18.3,1.3,51.3,0,69.3,9.0,4.0,3.0,3,18.8,4,2,0,2,0.0,2016
19,Nasser AlMuheeni,KSA,GK,Al-Batin,27.0,1988.0,1,1,90,1.0,18.3,1.3,51.3,0,69.3,1.0,0.0,0.0,0,0.0,1,0,0,1,13.3,2016
20,Khaled AlMuqaitib,KSA,GK,Al-Raed,24.0,1992.0,1,1,90,1.0,18.3,1.3,51.3,0,69.3,0.0,0.0,1.0,0,0.0,1,1,0,0,0.0,2016
21,Mansour AlNaji,KSA,GK,Al-Batin,38.0,1978.0,1,1,90,1.0,18.3,1.3,51.3,0,69.3,0.0,0.0,1.0,0,0.0,0,0,0,0,13.3,2016
22,Mohammed AlOwais,KSA,GK,Al-Shabab,24.0,1991.0,1,1,90,1.0,18.3,1.3,51.3,0,69.3,1.0,0.0,0.0,1,100.0,0,0,0,0,13.3,2016
23,Abdullah AlOwaishir,KSA,GK,Al-Fateh,25.0,1991.0,21,21,1890,21.0,18.3,1.3,51.3,0,69.3,5.0,7.0,9.0,3,14.3,6,4,0,2,0.0,2016
24,Assaf AlQarni,KSA,GK,Al-Ittihad,32.0,1984.0,15,15,1350,15.0,18.3,1.3,51.3,0,69.3,11.0,2.0,2.0,3,20.0,4,4,0,0,0.0,2016
25,Fawaz AlQarni,KSA,GK,Al-Ittihad,24.0,1992.0,9,9,810,9.0,18.3,1.3,51.3,0,69.3,5.0,2.0,2.0,2,22.2,4,2,0,2,0.0,2016
26,Ahmed AlRehaili,KSA,GK,Al-Ahli,21.0,1994.0,11,10,969,10.8,18.3,1.3,51.3,0,69.3,8.0,0.0,2.0,4,40.0,3,2,1,0,33.3,2016
27,Hussain Shae'an,KSA,GK,Al-Nassr,27.0,1989.0,12,12,1080,12.0,18.3,1.3,51.3,0,69.3,8.0,2.0,2.0,5,41.7,2,2,0,0,0.0,2016
28,Fahad AlShamri,KSA,GK,Al-Taawoun,35.0,1981.0,19,19,1665,18.5,18.3,1.3,51.3,0,69.3,8.0,4.0,7.0,7,36.8,4,3,0,1,0.0,2016
29,Khalid Sharahili,KSA,GK,Al-Raed,29.0,1987.0,6,6,480,5.3,18.3,1.3,51.3,0,69.3,3.0,1.0,2.0,1,16.7,0,0,0,0,13.3,2016
30,Mutaeb Sharahili,KSA,GK,Al-Raed,23.0,1992.0,14,13,1230,14.2,0.0,0.0,0.0,0,69.3,6.0,0.0,7.0,2,15.4,4,3,0,1,0.0,2016
31,Mohammed Sharifi,KSA,GK,Al-Raed,37.0,1978.0,5,5,450,5.0,18.3,1.3,51.3,0,69.3,2.0,0.0,3.0,0,0.0,0,0,0,0,13.3,2016
32,Faiz AlSubaiei,KSA,GK,Al-Taawoun,33.0,1982.0,3,3,270,3.0,18.3,1.3,51.3,0,69.3,0.0,0.0,3.0,0,0.0,2,1,1,0,50.0,2016
33,Abdullah AlSudairy,KSA,GK,Al-Wehda,24.0,1992.0,6,6,494,5.5,18.3,1.3,51.3,0,69.3,1.0,0.0,5.0,0,0.0,1,1,0,0,0.0,2016
34,Abdullah AlZahrani,KSA,GK,Al-Raed,22.0,1993.0,1,1,90,1.0,18.3,1.3,51.3,0,69.3,0.0,1.0,0.0,0,0.0,0,0,0,0,13.3,2016
35,Ibrahim Zaied,KSA,GK,Al-Faisaly,26.0,1990.0,9,9,810,9.0,18.3,1.3,51.3,0,69.3,2.0,3.0,4.0,2,22.2,2,1,0,1,0.0,2016
1,Waleed Abdullah,KSA,GK,Al-Shabab,29.0,1986.0,5,4,410,4.6,18.3,1.3,51.3,0,69.3,1.0,1.0,2.0,0,0.0,1,1,0,0,0.0,2015
2,Abdullah AlArraf,KSA,GK,Al-Wehda,20.0,1995.0,10,10,900,10.0,18.3,1.3,51.3,0,69.3,2.0,3.0,5.0,3,30.0,2,1,1,0,50.0,2015
3,Abdullah AlEnezi,KSA,GK,Al-Nassr,24.0,1990.0,9,8,753,8.4,18.3,1.3,51.3,0,69.3,1.0,3.0,4.0,2,25.0,2,1,0,1,0.0,2015
4,Ahmed AlFahmi,KSA,GK,Al-Wehda,24.0,1990.0,10,10,900,11.0,0.0,0.0,0.0,0,69.3,3.0,2.0,5.0,1,10.0,2,1,1,0,50.0,2015
5,Sami Fedha,KSA,GK,Al-Wehda,26.0,1989.0,1,1,90,1.3,0.0,0.0,0.0,0,69.3,1.0,0.0,0.0,0,0.0,0,0,0,0,13.3,2015
6,Moslem AlFreej,KSA,GK,Al-Khaleej,27.0,1988.0,22,22,1935,21.5,18.3,1.3,51.3,0,69.3,7.0,8.0,7.0,5,22.7,5,4,1,0,20.0,2015
7,Sultan AlGhamdi,KSA,GK,Al-Taawoun,23.0,1992.0,1,0,52,0.6,18.3,1.3,51.3,0,69.3,4.3,2.3,4.3,0,18.3,0,0,0,0,13.3,2015
8,Abdullah AlJadani,KSA,GK,Najran,23.0,1991.0,3,3,270,3.0,18.3,1.3,51.3,0,69.3,0.0,1.0,2.0,0,0.0,2,1,1,0,50.0,2015
9,Mustafa Malayekah,KSA,GK,Hajer,29.0,1986.0,22,21,1935,21.5,18.3,1.3,51.3,0,69.3,2.0,3.0,16.0,3,14.3,6,5,1,0,16.7,2015
10,Faisal AlMargab,KSA,GK,Al-Taawoun,34.0,1981.0,4,4,308,3.4,18.3,1.3,51.3,0,69.3,3.0,1.0,0.0,1,25.0,0,0,0,0,13.3,2015
11,Faisel Masrahi,KSA,GK,Al-Qadsiah,22.0,1993.0,26,26,2340,26.0,18.3,1.3,51.3,0,69.3,6.0,10.0,10.0,7,26.9,4,1,2,1,66.7,2015
12,Abdullah AlMayouf,KSA,GK,Al-Ahli,28.0,1987.0,4,4,360,4.0,18.3,1.3,51.3,0,69.3,3.0,0.0,1.0,1,25.0,0,0,0,0,13.3,2015
13,Ali AlMazidi,KSA,GK,Al-Fateh,29.0,1985.0,8,8,675,7.5,18.3,1.3,51.3,0,69.3,4.0,2.0,2.0,2,25.0,0,0,0,0,13.3,2015
14,Yasser AlMosailem,KSA,GK,Al-Ahli,31.0,1984.0,22,22,1980,22.0,18.3,1.3,51.3,0,69.3,16.0,6.0,0.0,10,45.5,4,3,0,1,0.0,2015
15,Hani AlNahedh,KSA,GK,Al-Ittihad,27.0,1987.0,3,3,270,3.0,18.3,1.3,51.3,0,69.3,2.0,0.0,1.0,1,33.3,0,0,0,0,13.3,2015
16,Mansour AlNaji,KSA,GK,Al-Faisaly,37.0,1978.0,20,20,1800,20.0,18.3,1.3,51.3,0,69.3,6.0,5.0,9.0,5,25.0,5,4,1,0,20.0,2015
17,Mohammed AlOmran,KSA,GK,Hajer,20.0,1994.0,2,2,135,1.5,18.3,1.3,51.3,0,69.3,0.0,0.0,2.0,0,0.0,0,0,0,0,13.3,2015
18,Mohammed AlOwais,KSA,GK,Al-Shabab,23.0,1991.0,22,22,1930,21.4,18.3,1.3,51.3,0,69.3,10.0,5.0,7.0,8,36.4,2,1,1,0,50.0,2015
19,Abdullah AlOwaishir,KSA,GK,Al-Fateh,24.0,1991.0,19,18,1665,18.5,18.3,1.3,51.3,0,69.3,7.0,6.0,5.0,6,33.3,2,2,0,0,0.0,2015
20,Assaf AlQarni,KSA,GK,Al-Ittihad,31.0,1984.0,15,14,1337,14.9,18.3,1.3,51.3,0,69.3,9.0,2.0,3.0,5,35.7,2,1,1,0,50.0,2015
21,Fawaz AlQarni,KSA,GK,Al-Ittihad,23.0,1992.0,9,9,733,8.1,18.3,1.3,51.3,0,69.3,4.0,2.0,3.0,1,11.1,1,0,0,1,13.3,2015
22,Khaled Razi,KSA,GK,Hajer,33.0,1981.0,3,3,270,3.0,18.3,1.3,51.3,0,69.3,0.0,0.0,3.0,0,0.0,1,0,1,0,100.0,2015
23,Hussain Shae'an,KSA,GK,Al-Nassr,26.0,1989.0,11,11,941,10.4,18.3,1.3,51.3,0,69.3,3.0,5.0,3.0,2,18.2,2,2,0,0,0.0,2015
24,Fahad AlShamri,KSA,GK,Al-Raed,34.0,1981.0,25,25,2250,25.0,18.3,1.3,51.3,0,69.3,6.0,6.0,13.0,4,16.0,7,7,0,0,0.0,2015
25,Khalid Sharahili,KSA,GK,Al-Hilal,28.0,1987.0,20,20,1800,20.0,18.3,1.3,51.3,0,69.3,13.0,3.0,4.0,10,50.0,2,2,0,0,0.0,2015
26,Mutaeb Sharahili,KSA,GK,Al-Nassr,22.0,1992.0,7,6,556,6.2,18.3,1.3,51.3,0,69.3,3.0,2.0,1.0,4,66.7,1,0,1,0,100.0,2015
27,Mohammed Sharifi,KSA,GK,Al-Wehda,36.0,1978.0,4,4,360,4.0,18.3,1.3,51.3,0,69.3,2.0,2.0,0.0,0,0.0,0,0,0,0,13.3,2015
28,Faiz AlSubaiei,KSA,GK,Al-Taawoun,32.0,1982.0,22,22,1980,22.0,18.3,1.3,51.3,0,69.3,10.0,5.0,7.0,5,22.7,6,3,3,0,50.0,2015
29,Abdullah AlSudairy,KSA,GK,Al-Hilal,23.0,1992.0,2,2,180,2.0,18.3,1.3,51.3,0,69.3,1.0,0.0,1.0,0,0.0,0,0,0,0,13.3,2015
30,Abdulaziz Takrouni,KSA,GK,Najran,23.0,1991.0,23,23,2070,23.0,18.3,1.3,51.3,0,69.3,5.0,5.0,13.0,1,4.3,5,4,1,0,20.0,2015
31,Fahad AlThunayan,KSA,GK,Al-Hilal,28.0,1986.0,4,4,360,4.0,18.3,1.3,51.3,0,69.3,3.0,1.0,0.0,2,50.0,0,0,0,0,13.3,2015
32,Mohammed AlTowil,KSA,GK,Al-Khaleej,24.0,1991.0,5,4,405,4.5,18.3,1.3,51.3,0,69.3,1.0,1.0,2.0,1,25.0,1,0,0,1,13.3,2015
33,Ibrahim Zaied,KSA,GK,Al-Faisaly,25.0,1990.0,6,6,540,6.0,18.3,1.3,51.3,0,69.3,1.0,3.0,2.0,2,33.3,0,0,0,0,13.3,2015
1,Waleed Abdullah,KSA,GK,Al-Shabab,28.0,1986.0,17,17,1530,17.0,18.3,1.3,51.3,0,69.3,8.0,5.0,4.0,8,47.1,1,1,0,0,0.0,2014
2,Basem Alatala,KSA,GK,Al-Taawoun,24.0,1989.0,4,4,360,4.0,18.3,1.3,51.3,0,69.3,1.0,0.0,3.0,1,25.0,0,0,0,0,13.3,2014
3,Basim AlBaqi,KSA,GK,Al-Taawoun,24.0,1989.0,17,17,1530,17.0,18.3,1.3,51.3,0,69.3,6.0,6.0,5.0,4,23.5,3,2,0,1,0.0,2014
4,Abdulrahman Dagriri,KSA,GK,Hajer,24.0,1990.0,3,2,202,2.3,18.3,1.3,51.3,0,69.3,0.0,0.0,2.0,0,0.0,0,0,0,0,13.3,2014
5,Abdullah AlEnezi,KSA,GK,Al-Nassr,23.0,1990.0,24,24,2148,23.9,18.3,1.3,51.3,0,69.3,19.0,3.0,2.0,10,41.7,6,6,0,0,0.0,2014
6,Moslem AlFreej,KSA,GK,Al-Khaleej,26.0,1988.0,26,26,2340,26.0,18.3,1.3,51.3,0,69.3,7.0,8.0,11.0,3,11.5,5,4,0,1,0.0,2014
7,Sultan AlGhamdi,KSA,GK,Al-Taawoun,22.0,1992.0,2,2,180,2.0,18.3,1.3,51.3,0,69.3,0.0,1.0,1.0,0,0.0,1,1,0,0,0.0,2014
8,Saied AlHarbi,KSA,GK,Al-Shoulla,32.0,1981.0,7,7,630,7.0,18.3,1.3,51.3,0,69.3,1.0,2.0,4.0,1,14.3,0,0,0,0,13.3,2014
9,Ibrahim AlHazmi,KSA,GK,Al-Orobah,28.219424460431654,1989.0359712230215,1,1,90,1.0,18.3,1.3,51.3,0,69.3,0.0,0.0,1.0,0,0.0,0,0,0,0,13.3,2014
10,Abdullah AlJadani,KSA,GK,Najran,22.0,1991.0,8,8,720,8.0,18.3,1.3,51.3,0,69.3,3.0,1.0,4.0,2,25.0,5,5,0,0,0.0,2014
11,Mansor Joher,KSA,GK,Al-Shabab,19.0,1995.0,2,1,150,1.7,18.3,1.3,51.3,0,69.3,0.0,1.0,0.0,1,100.0,0,0,0,0,13.3,2014
12,Ahmed AlKassar,KSA,GK,Al-Raed,23.0,1991.0,26,26,2340,26.0,18.3,1.3,51.3,0,69.3,7.0,5.0,14.0,3,11.5,7,6,0,1,0.0,2014
13,Mustafa Malayekah,KSA,GK,Hajer,28.0,1986.0,24,24,2134,23.7,18.3,1.3,51.3,0,69.3,8.0,4.0,12.0,3,12.5,7,7,0,0,0.0,2014
14,Faisal AlMargab,KSA,GK,Al-Taawoun,33.0,1981.0,4,3,270,3.0,18.3,1.3,51.3,0,69.3,0.0,0.0,3.0,0,0.0,1,1,0,0,0.0,2014
15,Abdullah AlMayouf,KSA,GK,Al-Ahli,27.0,1987.0,24,24,2160,24.0,18.3,1.3,51.3,0,69.3,17.0,7.0,0.0,9,37.5,2,2,0,0,0.0,2014
16,Ali AlMazidi,KSA,GK,Al-Fateh,28.0,1985.0,11,11,990,11.0,18.3,1.3,51.3,0,69.3,4.0,3.0,4.0,3,27.3,5,3,0,2,0.0,2014
17,Yasser AlMosailem,KSA,GK,Al-Ahli,30.0,1984.0,1,1,90,1.0,18.3,1.3,51.3,0,69.3,0.0,1.0,0.0,0,0.0,0,0,0,0,13.3,2014
18,Hani AlNahedh,KSA,GK,Al-Ittihad,26.0,1987.0,14,14,1260,14.0,18.3,1.3,51.3,0,69.3,9.0,2.0,3.0,4,28.6,5,4,0,1,0.0,2014
19,Mansour AlNaji,KSA,GK,Al-Faisaly,36.0,1978.0,14,14,1215,13.5,18.3,1.3,51.3,0,69.3,4.0,4.0,6.0,4,28.6,2,2,0,0,0.0,2014
20,Khaled Nasser,KSA,GK,Al-Shoulla,25.0,1988.0,6,6,540,6.0,18.3,1.3,51.3,0,69.3,1.0,1.0,4.0,2,33.3,1,1,0,0,0.0,2014
21,Mohammed AlOwais,KSA,GK,Al-Shabab,22.0,1991.0,8,8,655,7.3,18.3,1.3,51.3,0,69.3,3.0,1.0,4.0,1,12.5,1,1,0,0,0.0,2014
22,Abdullah AlOwaishir,KSA,GK,Al-Fateh,23.0,1991.0,15,15,1350,15.0,18.3,1.3,51.3,0,69.3,5.0,3.0,7.0,1,6.7,5,1,0,4,0.0,2014
23,Fawaz AlQarni,KSA,GK,Al-Ittihad,22.0,1992.0,11,11,987,11.0,18.3,1.3,51.3,0,69.3,7.0,2.0,2.0,3,27.3,2,2,0,0,0.0,2014
24,Mohammed Rabee,KSA,GK,Al-Orobah,32.0,1982.0,6,6,540,6.0,18.3,1.3,51.3,0,69.3,0.0,3.0,3.0,2,33.3,0,0,0,0,13.3,2014
25,Rafea AlRuwaili,KSA,GK,Al-Orobah,24.0,1990.0,19,19,1710,19.0,18.3,1.3,51.3,0,69.3,4.0,2.0,13.0,2,10.5,5,4,0,1,0.0,2014
26,Nasser AlSaiari,KSA,GK,Najran,25.0,1988.0,4,3,344,3.8,18.3,1.3,51.3,0,69.3,1.0,0.0,2.0,2,66.7,0,0,0,0,13.3,2014
27,Hussain Shae'an,KSA,GK,Al-Nassr,25.0,1989.0,3,2,192,2.1,18.3,1.3,51.3,0,69.3,1.0,1.0,0.0,3,150.0,0,0,0,0,13.3,2014
28,Khalid Sharahili,KSA,GK,Al-Hilal,27.0,1987.0,10,10,900,10.0,18.3,1.3,51.3,0,69.3,8.0,1.0,1.0,7,70.0,0,0,0,0,13.3,2014
29,Mohammed Sharifi,KSA,GK,Najran,35.0,1978.0,15,15,1272,14.1,18.3,1.3,51.3,0,69.3,3.0,2.0,10.0,3,20.0,3,3,0,0,0.0,2014
30,Abdullah AlSudairy,KSA,GK,Al-Hilal,22.0,1992.0,14,14,1260,14.0,18.3,1.3,51.3,0,69.3,6.0,5.0,3.0,3,21.4,4,4,0,0,0.0,2014
31,Abdulaziz Takroni,KSA,MF,Al-Ittihad,22.0,1991.0,1,1,90,1.0,18.3,1.3,51.3,0,69.3,0.0,0.0,1.0,0,0.0,0,0,0,0,13.3,2014
32,Fahad AlThunayan,KSA,GK,Al-Hilal,27.0,1986.0,2,2,180,2.0,18.3,1.3,51.3,0,69.3,2.0,0.0,0.0,0,0.0,0,0,0,0,13.3,2014
33,Mohammed AlWaked,KSA,GK,Al-Shoulla,22.0,1992.0,13,13,1170,13.0,18.3,1.3,51.3,0,69.3,3.0,3.0,7.0,1,7.7,3,3,0,0,0.0,2014
34,Ibrahim Zaied,KSA,GK,Al-Faisaly,24.0,1990.0,13,12,1125,12.5,18.3,1.3,51.3,0,69.3,4.0,2.0,6.0,5,41.7,1,1,0,0,0.0,2014
