Rk,Squad,MP-H,W-H,D-H,L-H,GF-H,GA-H,GD-H,Pts-H,Pts/MP-H,MP-A,W-A,D-A,L-A,GF-A,GA-A,GD-A,Pts-A,Pts/MP-A,year
1,Al-Hilal,15,11,2,2,31,15,+16,35,2.33,15,9,5,1,32,13,+19,32,2.13,2021
2,Al-Ittihad,15,11,2,2,31,10,+21,35,2.33,15,9,3,3,31,19,+12,30,2.00,2021
3,Al-Nassr,15,10,2,3,31,19,+12,32,2.13,15,9,2,4,27,17,+10,29,1.93,2021
4,Al-Shabab,15,9,5,1,28,12,+16,32,2.13,15,6,5,4,24,24,0,23,1.53,2021
5,Damac,15,7,5,3,19,18,+1,26,1.73,15,5,3,7,19,26,-7,18,1.20,2021
6,Al-Ta'ee,15,7,3,5,25,22,+3,24,1.60,15,4,1,10,8,23,-15,13,0.87,2021
7,Al-Raed,15,7,2,6,14,15,-1,23,1.53,15,3,4,8,21,30,-9,13,0.87,2021
8,Al-Fateh,15,5,3,7,31,25,+6,18,1.20,15,4,5,6,14,16,-2,17,1.13,2021
9,Abha,15,7,5,3,17,16,+1,26,1.73,15,2,3,10,10,27,-17,9,0.60,2021
10,Al-Fayha,15,7,5,3,11,5,+6,26,1.73,15,1,6,8,10,19,-9,9,0.60,2021
11,Al-Ettifaq,15,4,5,6,19,22,-3,17,1.13,15,4,5,6,21,25,-4,17,1.13,2021
12,Al-Taawoun,15,4,6,5,20,22,-2,18,1.20,15,3,7,5,23,26,-3,16,1.07,2021
13,Al-Batin,15,6,5,4,20,19,+1,23,1.53,15,2,4,9,11,22,-11,10,0.67,2021
14,Al-Faisaly,15,7,6,2,21,14,+7,27,1.80,15,0,6,9,7,23,-16,6,0.40,2021
15,Al-Ahli,15,4,7,4,24,21,+3,19,1.27,15,2,7,6,14,22,-8,13,0.87,2021
16,Al-Hazem,15,3,4,8,17,23,-6,13,0.87,15,1,1,13,6,27,-21,4,0.27,2021
1,Al-Hilal,15,10,3,2,30,13,+17,33,2.20,15,8,4,3,30,14,+16,28,1.87,2020
2,Al-Shabab,15,9,3,3,30,18,+12,30,2.00,15,8,3,4,38,25,+13,27,1.80,2020
3,Al-Ittihad,15,8,4,3,21,12,+9,28,1.87,15,7,7,1,24,17,+7,28,1.87,2020
4,Al-Taawoun,15,7,4,4,25,16,+9,25,1.67,15,6,4,5,17,14,+3,22,1.47,2020
5,Al-Ettifaq,15,7,2,6,25,26,-1,23,1.53,15,7,3,5,25,22,+3,24,1.60,2020
6,Al-Nassr,15,8,3,4,35,21,+14,27,1.80,15,5,4,6,18,19,-1,19,1.27,2020
7,Al-Fateh,15,4,3,8,27,32,-5,15,1.00,15,8,3,4,28,23,+5,27,1.80,2020
8,Al-Ahli,15,5,5,5,19,20,-1,20,1.33,15,6,1,8,25,36,-11,19,1.27,2020
9,Al-Faisaly,15,4,5,6,20,27,-7,17,1.13,15,5,4,6,22,20,+2,19,1.27,2020
10,Al-Raed,15,3,4,8,23,26,-3,13,0.87,15,7,2,6,21,21,0,23,1.53,2020
11,Damac,15,6,5,4,22,19,+3,23,1.53,15,3,4,8,21,29,-8,13,0.87,2020
12,Al-Batin,15,5,3,7,21,24,-3,18,1.20,15,4,6,5,22,31,-9,18,1.20,2020
13,Abha,15,5,4,6,20,23,-3,19,1.27,15,5,2,8,22,27,-5,17,1.13,2020
14,Al-Qadsiah,15,5,5,5,22,24,-2,20,1.33,15,3,6,6,19,23,-4,15,1.00,2020
15,Al-Wehda,15,3,3,9,20,32,-12,12,0.80,15,6,2,7,20,28,-8,20,1.33,2020
16,Al-Ain,15,4,2,9,21,32,-11,14,0.93,15,1,3,11,13,32,-19,6,0.40,2020
1,Al-Hilal,15,13,1,1,39,12,+27,40,2.67,15,9,5,1,35,14,+21,32,2.13,2019
2,Al-Nassr,15,9,4,2,31,15,+16,31,2.07,15,10,3,2,29,11,+18,33,2.20,2019
3,Al-Ahli,15,10,3,2,31,15,+16,33,2.20,15,5,2,8,18,21,-3,17,1.13,2019
4,Al-Wehda,15,9,1,5,21,16,+5,28,1.87,15,7,0,8,24,24,0,21,1.40,2019
5,Al-Faisaly,15,10,3,2,26,15,+11,33,2.20,15,4,3,8,15,21,-6,15,1.00,2019
6,Al-Raed,15,9,2,4,23,21,+2,29,1.93,15,4,5,6,18,29,-11,17,1.13,2019
7,Al-Shabab,15,8,3,4,23,16,+7,27,1.80,15,4,4,7,15,21,-6,16,1.07,2019
8,Al-Ettifaq,15,8,0,7,23,19,+4,24,1.60,15,5,3,7,23,19,+4,18,1.20,2019
9,Abha,15,7,3,5,21,21,0,24,1.60,15,4,2,9,20,31,-11,14,0.93,2019
10,Damac,15,6,6,3,24,19,+5,24,1.60,15,3,2,10,13,33,-20,11,0.73,2019
11,Al-Ittihad,15,5,3,7,25,21,+4,18,1.20,15,4,5,6,17,20,-3,17,1.13,2019
12,Al-Taawoun,15,8,2,5,19,18,+1,26,1.73,15,2,3,10,14,22,-8,9,0.60,2019
13,Al-Fateh,15,5,6,4,20,19,+1,21,1.40,15,3,3,9,22,30,-8,12,0.80,2019
14,Al-Fayha,15,6,4,5,21,20,+1,22,1.47,15,2,4,9,13,24,-11,10,0.67,2019
15,Al-Hazem,15,3,4,8,22,30,-8,13,0.87,15,4,2,9,18,31,-13,14,0.93,2019
16,Al-Adalah,15,2,5,8,16,28,-12,11,0.73,15,2,4,9,11,34,-23,10,0.67,2019
1,Al-Nassr,15,12,0,3,37,15,+22,36,2.40,15,10,4,1,32,12,+20,34,2.27,2018
2,Al-Hilal,15,9,4,2,33,19,+14,31,2.07,15,12,2,1,33,14,+19,38,2.53,2018
3,Al-Taawoun,15,10,4,1,38,17,+21,34,2.27,15,6,4,5,23,14,+9,22,1.47,2018
4,Al-Ahli,15,7,3,5,32,18,+14,24,1.60,15,10,1,4,36,23,+13,31,2.07,2018
5,Al-Shabab,15,8,4,3,21,13,+8,28,1.87,15,7,5,3,18,12,+6,26,1.73,2018
6,Al-Faisaly,15,7,5,3,28,19,+9,26,1.73,15,5,2,8,23,28,-5,17,1.13,2018
7,Al-Wehda,15,8,1,6,23,19,+4,25,1.67,15,4,5,6,18,22,-4,17,1.13,2018
8,Al-Raed,15,4,5,6,14,23,-9,17,1.13,15,6,3,6,24,25,-1,21,1.40,2018
9,Al-Fateh,15,6,4,5,18,17,+1,22,1.47,15,2,7,6,14,28,-14,13,0.87,2018
10,Al-Ittihad,15,4,5,6,23,22,+1,17,1.13,15,5,2,8,21,23,-2,17,1.13,2018
11,Al-Ettifaq,15,7,4,4,27,20,+7,25,1.67,15,1,5,9,13,35,-22,8,0.53,2018
12,Al-Fayha,15,6,3,6,27,29,-2,21,1.40,15,3,2,10,9,23,-14,11,0.73,2018
13,Al-Hazem,15,5,4,6,16,23,-7,19,1.27,15,2,6,7,17,27,-10,12,0.80,2018
14,Al-Qadsiah,15,5,3,7,18,19,-1,18,1.20,15,3,1,11,16,32,-16,10,0.67,2018
15,Al-Batin,15,4,3,8,15,24,-9,15,1.00,15,3,1,11,14,29,-15,10,0.67,2018
16,Ohod,15,4,2,9,16,23,-7,14,0.93,15,1,4,10,9,39,-30,7,0.47,2018
1,Al-Hilal,13,9,4,0,22,10,+12,31,2.38,13,7,4,2,25,13,+12,25,1.92,2017
2,Al-Ahli,13,10,3,0,37,10,+27,33,2.54,13,6,4,3,22,16,+6,22,1.69,2017
3,Al-Nassr,13,8,3,2,24,17,+7,27,2.08,13,4,5,4,23,17,+6,17,1.31,2017
4,Al-Ettifaq,13,7,2,4,23,20,+3,23,1.77,13,3,4,6,14,26,-12,13,1.00,2017
5,Al-Fateh,13,5,4,4,17,21,-4,19,1.46,13,4,5,4,17,18,-1,17,1.31,2017
6,Al-Faisaly,13,5,3,5,18,16,+2,18,1.38,13,4,5,4,21,17,+4,17,1.31,2017
7,Al-Taawoun,13,6,4,3,24,14,+10,22,1.69,13,3,3,7,19,22,-3,12,0.92,2017
8,Al-Fayha,13,6,4,3,22,19,+3,22,1.69,13,2,6,5,14,21,-7,12,0.92,2017
9,Al-Ittihad,13,2,7,4,17,22,-5,13,1.00,13,6,2,5,17,19,-2,20,1.54,2017
10,Al-Shabab,13,4,3,6,18,17,+1,15,1.15,13,4,4,5,18,19,-1,16,1.23,2017
11,Al-Batin,13,2,5,6,16,24,-8,11,0.85,13,6,2,5,19,22,-3,20,1.54,2017
12,Al-Qadsiah,13,4,4,5,15,16,-1,16,1.23,13,2,3,8,13,25,-12,9,0.69,2017
13,Al-Raed,13,3,5,5,19,26,-7,14,1.08,13,2,4,7,24,27,-3,10,0.77,2017
14,Ohod,13,3,3,7,14,24,-10,12,0.92,13,1,3,9,10,24,-14,6,0.46,2017
1,Al-Hilal,13,9,2,2,33,9,+24,29,2.23,13,12,1,0,30,7,+23,37,2.85,2016
2,Al-Ahli,13,9,2,2,27,11,+16,29,2.23,13,8,2,3,30,19,+11,26,2.00,2016
3,Al-Nassr,13,9,3,1,22,7,+15,30,2.31,13,7,1,5,22,18,+4,22,1.69,2016
4,Al-Ittihad,13,7,2,4,25,20,+5,23,1.77,13,10,2,1,32,17,+15,32,2.46,2016
5,Al-Raed,13,8,1,4,24,21,+3,25,1.92,13,3,1,9,13,26,-13,10,0.77,2016
6,Al-Shabab,13,3,6,4,16,16,0,15,1.15,13,5,3,5,12,16,-4,18,1.38,2016
7,Al-Taawoun,13,6,3,4,18,16,+2,21,1.62,13,3,1,9,15,24,-9,10,0.77,2016
8,Al-Fateh,13,5,3,5,20,18,+2,18,1.38,13,2,5,6,13,21,-8,11,0.85,2016
9,Al-Faisaly,13,4,4,5,21,25,-4,16,1.23,13,2,6,5,9,16,-7,12,0.92,2016
10,Al-Qadsiah,13,4,5,4,19,16,+3,17,1.31,13,2,5,6,19,22,-3,11,0.85,2016
11,Al-Ettifaq,13,5,2,6,19,21,-2,17,1.31,13,2,4,7,12,24,-12,10,0.77,2016
12,Al-Batin,13,6,4,3,16,10,+6,22,1.69,13,0,4,9,15,33,-18,4,0.31,2016
13,Al-Khaleej,13,2,4,7,18,28,-10,10,0.77,13,3,4,6,14,23,-9,13,1.00,2016
14,Al-Wehda,13,4,0,9,22,31,-9,12,0.92,13,1,2,10,13,34,-21,5,0.38,2016
1,Al-Ahli,13,9,3,1,30,15,+15,30,2.31,13,10,3,0,25,6,+19,33,2.54,2015
2,Al-Hilal,13,8,3,2,27,9,+18,27,2.08,13,9,1,3,25,14,+11,28,2.15,2015
3,Al-Ittihad,13,7,2,4,28,21,+7,23,1.77,13,8,2,3,26,16,+10,26,2.00,2015
4,Al-Taawoun,13,9,2,2,35,14,+21,29,2.23,13,4,4,5,19,21,-2,16,1.23,2015
5,Al-Fateh,13,6,5,2,16,11,+5,23,1.77,13,5,3,5,19,17,+2,18,1.38,2015
6,Al-Shabab,13,5,3,5,14,13,+1,18,1.38,13,6,3,4,13,15,-2,21,1.62,2015
7,Al-Khaleej,13,3,4,6,12,22,-10,13,1.00,13,5,5,3,15,21,-6,20,1.54,2015
8,Al-Nassr,13,4,6,3,17,12,+5,18,1.38,13,3,5,5,22,21,+1,14,1.08,2015
9,Al-Wehda,13,5,3,5,14,17,-3,18,1.38,13,3,4,6,16,20,-4,13,1.00,2015
10,Al-Faisaly,13,3,4,6,17,20,-3,13,1.00,13,4,4,5,11,17,-6,16,1.23,2015
11,Al-Qadsiah,13,4,5,4,16,16,0,17,1.31,13,2,5,6,10,16,-6,11,0.85,2015
12,Al-Raed,13,4,3,6,15,17,-2,15,1.15,13,2,3,8,15,28,-13,9,0.69,2015
13,Najran,13,2,4,7,19,24,-5,10,0.77,13,3,2,8,17,29,-12,11,0.85,2015
14,Hajer,13,1,0,12,8,29,-21,3,0.23,13,1,3,9,7,27,-20,6,0.46,2015
1,Al-Nassr,13,9,3,1,32,13,+19,30,2.31,13,11,1,1,30,7,+23,34,2.62,2014
2,Al-Ahli,13,8,5,0,28,9,+19,29,2.23,13,9,4,0,31,13,+18,31,2.38,2014
3,Al-Hilal,13,10,1,2,31,8,+23,31,2.38,13,6,5,2,15,9,+6,23,1.77,2014
4,Al-Ittihad,13,8,2,3,21,16,+5,26,2.00,13,8,2,3,23,17,+6,26,2.00,2014
5,Al-Shabab,13,6,2,5,21,18,+3,20,1.54,13,5,5,3,16,13,+3,20,1.54,2014
6,Al-Fateh,13,6,3,4,18,14,+4,21,1.62,13,3,3,7,17,29,-12,12,0.92,2014
7,Al-Faisaly,13,4,3,6,17,24,-7,15,1.15,13,4,3,6,14,18,-4,15,1.15,2014
8,Al-Khaleej,13,4,4,5,16,15,+1,16,1.23,13,3,4,6,19,26,-7,13,1.00,2014
9,Al-Taawoun,13,4,4,5,21,20,+1,16,1.23,13,3,3,7,21,26,-5,12,0.92,2014
10,Hajer,13,5,3,5,15,22,-7,18,1.38,13,3,1,9,14,34,-20,10,0.77,2014
11,Al-Raed,13,6,2,5,20,19,+1,20,1.54,13,1,3,9,13,26,-13,6,0.46,2014
12,Najran,13,3,2,8,13,22,-9,11,0.85,13,4,1,8,15,19,-4,13,1.00,2014
13,Al-Shoulla,13,5,3,5,19,21,-2,18,1.38,13,0,3,10,7,27,-20,3,0.23,2014
14,Al-Orobah,13,4,3,6,16,19,-3,15,1.15,13,0,2,11,5,24,-19,2,0.15,2014