year,Rk,Squad,MP,W,D,L,GF,GA,GDiff,Pts,Pts/Mp,W-H,D-H,L-H,GF-H,GA-H,GD-H,Pts-H,Pts/MP-H,MP-A,W-A,D-A,L-A,GF-A,GA-A,GD-A,Pts-A,Pts/MP-A,Attendance,Top Team Scorer,Scorer Goals,Goalkeeper
2021,1,Al-Hilal,30,20,7,3,63,28,35,67,2.23,11,2,2,31,15,16,35,2.33,15,9,5,1,32,13,19,32,2.13,10397,Moussa Marega,13,Abdullah Al-Mayouf
2021,2,Al-Ittihad,30,20,5,5,62,29,33,65,2.17,11,2,2,31,10,21,35,2.33,15,9,3,3,31,19,12,30,2.0,31263,Romarinho,20,Marcelo Grohe
2021,3,Al-Nassr,30,19,4,7,58,36,22,61,2.03,10,2,3,31,19,12,32,2.13,15,9,2,4,27,17,10,29,1.93,7500,Talisca,20,Waleed Abdullah
2021,4,Al-Shabab,30,15,10,5,52,36,16,55,1.83,9,5,1,28,12,16,32,2.13,15,6,5,4,24,24,0,23,1.53,5645,Carlos,13,Fawaz Al-Qarni
2021,5,Damac,30,12,8,10,38,44,-6,44,1.47,7,5,3,19,18,1,26,1.73,15,5,3,7,19,26,-7,18,1.2,4436,Emilio Zelaya,13,Moustapha Zeghba
2021,6,Al-Ta'ee,30,11,4,15,33,45,-12,37,1.23,7,3,5,25,22,3,24,1.6,15,4,1,10,8,23,-15,13,0.87,5316,Knowledge Musona,6,Martin Lukov
2021,7,Al-Raed,30,10,6,14,35,45,-10,36,1.2,7,2,6,14,15,-1,23,1.53,15,3,4,8,21,30,-9,13,0.87,5873,Karim El Berkaoui,13,Ahmed Al-Rehaili
2021,8,Al-Fateh,30,9,8,13,45,41,4,35,1.17,5,3,7,31,25,6,18,1.2,15,4,5,6,14,16,-2,17,1.13,7730,Firas Al Buraikan,11,Maksym Koval
2021,9,Abha,30,9,8,13,27,43,-16,35,1.17,7,5,3,17,16,1,26,1.73,15,2,3,10,10,27,-17,9,0.6,2873,Saad Bguir,7,Abdelali Mhamdi
2021,10,Al-Fayha,30,8,11,11,21,24,-3,35,1.17,7,5,3,11,5,6,26,1.73,15,1,6,8,10,19,-9,9,0.6,4620,Ramon Lopes,6,Vladimir Stojković
2021,11,Al-Ettifaq,30,8,10,12,40,47,-7,34,1.13,4,5,6,19,22,-3,17,1.13,15,4,5,6,21,25,-4,17,1.13,6196,Naïm Sliti,9,Raïs M'Bolhi
2021,12,Al-Taawoun,30,7,13,10,43,48,-5,34,1.13,4,6,5,20,22,-2,18,1.2,15,3,7,5,23,26,-3,16,1.07,5341,Léandre Tawamba,18,Cássio
2021,13,Al-Batin,30,8,9,13,31,41,-10,33,1.1,6,5,4,20,19,1,23,1.53,15,2,4,9,11,22,-11,10,0.67,3015,Fábio Abreu,9,Martín Campaña
2021,14,Al-Faisaly,30,7,12,11,28,37,-9,33,1.1,7,6,2,21,14,7,27,1.8,15,0,6,9,7,23,-16,6,0.4,4418,Júlio Tavares,9,Ahmed Al-Kassar
2021,15,Al-Ahli,30,6,14,10,38,43,-5,32,1.07,4,7,4,24,21,3,19,1.27,15,2,7,6,14,22,-8,13,0.87,16935,Omar Al Somah,10,Mohammed Al Yami
2021,16,Al-Hazem,30,4,5,21,23,50,-27,17,0.57,3,4,8,17,23,-6,13,0.87,15,1,1,13,6,27,-21,4,0.27,1850,Ola John,8,Ibrahim Zaied
2020,1,Al-Hilal,30,18,7,5,60,27,33,61,2.03,10,3,2,30,13,17,33,2.2,15,8,4,3,30,14,16,28,1.87,1049,Bafétimbi Gomis,24,Abdullah Al-Mayouf
2020,2,Al-Shabab,30,17,6,7,68,43,25,57,1.9,9,3,3,30,18,12,30,2.0,15,8,3,4,38,25,13,27,1.8,152,Cristian Guanca,17,Zaid Al Bawardi
2020,3,Al-Ittihad,30,15,11,4,45,29,16,56,1.87,8,4,3,21,12,9,28,1.87,15,7,7,1,24,17,7,28,1.87,43,Romarinho,16,Marcelo Grohe
2020,4,Al-Taawoun,30,13,8,9,42,30,12,47,1.57,7,4,4,25,16,9,25,1.67,15,6,4,5,17,14,3,22,1.47,401,Léandre Tawamba,13,Cássio
2020,5,Al-Ettifaq,30,14,5,11,50,48,2,47,1.57,7,2,6,25,26,-1,23,1.53,15,7,3,5,25,22,3,24,1.6,90,Naïm Sliti Walid Azaro,9,Raïs M'Bolhi
2020,6,Al-Nassr,30,13,7,10,53,40,13,46,1.53,8,3,4,35,21,14,27,1.8,15,5,4,6,18,19,-1,19,1.27,1060,Abderrazak Hamdallah,11,Brad Jones
2020,7,Al-Fateh,30,12,6,12,55,55,0,42,1.4,4,3,8,27,32,-5,15,1.0,15,8,3,4,28,23,5,27,1.8,138,Mitchell te Vrede,13,Maksym Koval
2020,8,Al-Ahli,30,11,6,13,44,56,-12,39,1.3,5,5,5,19,20,-1,20,1.33,15,6,1,8,25,36,-11,19,1.27,48,Omar Al Somah,12,Mohammed Al-Owais
2020,9,Al-Faisaly,30,9,9,12,42,47,-5,36,1.2,4,5,6,20,27,-7,17,1.13,15,5,4,6,22,20,2,19,1.27,71,Júlio Tavares,15,Mustafa Malayekah
2020,10,Al-Raed,30,10,6,14,44,47,-3,36,1.2,3,4,8,23,26,-3,13,0.87,15,7,2,6,21,21,0,23,1.53,89,Karim El Berkaoui,15,Azzedine Doukha
2020,11,Damac,30,9,9,12,43,48,-5,36,1.2,6,5,4,22,19,3,23,1.53,15,3,4,8,21,29,-8,13,0.87,178,Emilio Zelaya,19,Moustapha Zeghba
2020,12,Al-Batin,30,9,9,12,43,55,-12,36,1.2,5,3,7,21,24,-3,18,1.2,15,4,6,5,22,31,-9,18,1.2,113,Fábio Abreu,17,Martín Campaña
2020,13,Abha,30,10,6,14,42,50,-8,36,1.2,5,4,6,20,23,-3,19,1.27,15,5,2,8,22,27,-5,17,1.13,133,Carlos Strandberg,16,Abdelali Mhamdi
2020,14,Al-Qadsiah,30,8,11,11,41,47,-6,35,1.17,5,5,5,22,24,-2,20,1.33,15,3,6,6,19,23,-4,15,1.0,102,Hassan Al Amri,12,Faisel Masrahi
2020,15,Al-Wehda,30,9,5,16,40,60,-20,32,1.07,3,3,9,20,32,-12,12,0.8,15,6,2,7,20,28,-8,20,1.33,244,Youssouf Niakaté,11,Abdullah Al-Owaishir
2020,16,Al-Ain,30,5,5,20,34,64,-30,20,0.67,4,2,9,21,32,-11,14,0.93,15,1,3,11,13,32,-19,6,0.4,43,Amadou Moutari,7,Ameen Bokhari
2019,1,Al-Hilal,30,22,6,2,74,26,48,72,2.4,13,1,1,39,12,27,40,2.67,15,9,5,1,35,14,21,32,2.13,10683,Bafétimbi Gomis,27,Abdullah Al-Mayouf
2019,2,Al-Nassr,30,19,7,4,60,26,34,64,2.13,9,4,2,31,15,16,31,2.07,15,10,3,2,29,11,18,33,2.2,8923,Abderrazak Hamdallah,29,Brad Jones
2019,3,Al-Ahli,30,15,5,10,49,36,13,50,1.67,10,3,2,31,15,16,33,2.2,15,5,2,8,18,21,-3,17,1.13,10244,Omar Al Somah,19,Yasser Al Mosailem
2019,4,Al-Wehda,30,16,1,13,45,40,5,49,1.63,9,1,5,21,16,5,28,1.87,15,7,0,8,24,24,0,21,1.4,6703,Youssouf Niakaté,16,Abdullah Al Jadani
2019,5,Al-Faisaly,30,14,6,10,41,36,5,48,1.6,10,3,2,26,15,11,33,2.2,15,4,3,8,15,21,-6,15,1.0,2459,Youssef El Jebli,9,Mustafa Malayekah
2019,6,Al-Raed,30,13,7,10,41,50,-9,46,1.53,9,2,4,23,21,2,29,1.93,15,4,5,6,18,29,-11,17,1.13,3616,Mohamed Fouzair,10,Azzedine Doukha
2019,7,Al-Shabab,30,12,7,11,38,37,1,43,1.43,8,3,4,23,16,7,27,1.8,15,4,4,7,15,21,-6,16,1.07,6482,Cristian Guanca,11,Farouk Ben Mustapha
2019,8,Al-Ettifaq,30,13,3,14,46,38,8,42,1.4,8,0,7,23,19,4,24,1.6,15,5,3,7,23,19,4,18,1.2,4393,Filip Kiss,7,Raïs M'Bolhi
2019,9,Abha,30,11,5,14,41,52,-11,38,1.27,7,3,5,21,21,0,24,1.6,15,4,2,9,20,31,-11,14,0.93,2143,Saad Bguir,12,Abdelali Mhamdi
2019,10,Damac,30,9,8,13,37,52,-15,35,1.17,6,6,3,24,19,5,24,1.6,15,3,2,10,13,33,-20,11,0.73,3705,Emilio Zelaya,13,Moustapha Zeghba
2019,11,Al-Ittihad,30,9,8,13,42,41,1,35,1.17,5,3,7,25,21,4,18,1.2,15,4,5,6,17,20,-3,17,1.13,13822,Romarinho,15,Marcelo Grohe
2019,12,Al-Taawoun,30,10,5,15,33,40,-7,35,1.17,8,2,5,19,18,1,26,1.73,15,2,3,10,14,22,-8,9,0.6,3828,Héldon Ramos,7,Cássio
2019,13,Al-Fateh,30,8,9,13,42,49,-7,33,1.1,5,6,4,20,19,1,21,1.4,15,3,3,9,22,30,-8,12,0.8,7305,Mitchell te Vrede,12,Maksym Koval
2019,14,Al-Fayha,30,8,8,14,34,44,-10,32,1.07,6,4,5,21,20,1,22,1.47,15,2,4,9,13,24,-11,10,0.67,3199,Samuel Owusu,7,Amer Shafi
2019,15,Al-Hazem,30,7,6,17,40,61,-21,27,0.9,3,4,8,22,30,-8,13,0.87,15,4,2,9,18,31,-13,14,0.93,1277,Carlos Strandberg,13,Malik Asselah
2019,16,Al-Adalah,30,4,9,17,27,62,-35,21,0.7,2,5,8,16,28,-12,11,0.73,15,2,4,9,11,34,-23,10,0.67,6420,Carolus Andriamatsinoro,10,Ali Al-Mazidi
2018,1,Al-Nassr,30,22,4,4,69,27,42,70,2.33,12,0,3,37,15,22,36,2.4,15,10,4,1,32,12,20,34,2.27,16408,Abderrazak Hamdallah,34,Brad Jones
2018,2,Al-Hilal,30,21,6,3,66,33,33,69,2.3,9,4,2,33,19,14,31,2.07,15,12,2,1,33,14,19,38,2.53,19551,Bafétimbi Gomis,21,Ali Al-Habsi
2018,3,Al-Taawoun,30,16,8,6,61,31,30,56,1.87,10,4,1,38,17,21,34,2.27,15,6,4,5,23,14,9,22,1.47,4446,Léandre Tawamba,21,Cássio
2018,4,Al-Ahli,30,17,4,9,68,41,27,55,1.83,7,3,5,32,18,14,24,1.6,15,10,1,4,36,23,13,31,2.07,18889,Djaniny,20,Mohammed Al-Owais
2018,5,Al-Shabab,30,15,9,6,39,25,14,54,1.8,8,4,3,21,13,8,28,1.87,15,7,5,3,18,12,6,26,1.73,3428,Constantin Budescu,7,Farouk Ben Mustapha
2018,6,Al-Faisaly,30,12,7,11,51,47,4,43,1.43,7,5,3,28,19,9,26,1.73,15,5,2,8,23,28,-5,17,1.13,1190,Rogerinho,8,Mustafa Malayekah
2018,7,Al-Wehda,30,12,6,12,41,41,0,42,1.4,8,1,6,23,19,4,25,1.67,15,4,5,6,18,22,-4,17,1.13,7527,Marcos Guilherme,9,Mohamed Awad
2018,8,Al-Raed,30,10,8,12,38,48,-10,38,1.27,4,5,6,14,23,-9,17,1.13,15,6,3,6,24,25,-1,21,1.4,4089,Saleh Al Shehri,16,Azzedine Doukha
2018,9,Al-Fateh,30,8,11,11,32,45,-13,35,1.17,6,4,5,18,17,1,22,1.47,15,2,7,6,14,28,-14,13,0.87,3427,Abdelkader Oueslati,5,Maksym Koval
2018,10,Al-Ittihad,30,9,7,14,44,45,-1,34,1.13,4,5,6,23,22,1,17,1.13,15,5,2,8,21,23,-2,17,1.13,33482,Fahad Al Muwallad,11,Fawaz Al-Qarni
2018,11,Al-Ettifaq,30,8,9,13,40,55,-15,33,1.1,7,4,4,27,20,7,25,1.67,15,1,5,9,13,35,-22,8,0.53,4903,Cristian Guanca,14,Raïs M'Bolhi
2018,12,Al-Fayha,30,9,5,16,36,52,-16,32,1.07,6,3,6,27,29,-2,21,1.4,15,3,2,10,9,23,-14,11,0.73,1896,Danilo Moreno Asprilla,15,Cristian Bonilla
2018,13,Al-Hazem,30,7,10,13,33,50,-17,31,1.03,5,4,6,16,23,-7,19,1.27,15,2,6,7,17,27,-10,12,0.8,1998,Mohammed Al Saiari,10,Malik Asselah
2018,14,Al-Qadsiah,30,8,4,18,34,51,-17,28,0.93,5,3,7,18,19,-1,18,1.2,15,3,1,11,16,32,-16,10,0.67,2882,Bismark Ferreira,10,Jack Duncan
2018,15,Al-Batin,30,7,4,19,29,53,-24,25,0.83,4,3,8,15,24,-9,15,1.0,15,3,1,11,14,29,-15,10,0.67,3476,Crysan,6,Adriano Facchini
2018,16,Ohod,30,5,6,19,25,62,-37,21,0.7,4,2,9,16,23,-7,14,0.93,15,1,4,10,9,39,-30,7,0.47,7075,Mohammed Majrashi,3,Zouheir Laaroubi
2017,1,Al-Hilal,26,16,8,2,47,23,24,56,2.15,9,4,0,22,10,12,31,2.38,13,7,4,2,25,13,12,25,1.92,12194,Omar Kharbin,7,"Ali Al-Habsi, Abdullah Al-Mayouf"
2017,2,Al-Ahli,26,16,7,3,59,26,33,55,2.12,10,3,0,37,10,27,33,2.54,13,6,4,3,22,16,6,22,1.69,16213,Omar Al Somah,11,Mohammed Al-Owais
2017,3,Al-Nassr,26,12,8,6,47,34,13,44,1.69,8,3,2,24,17,7,27,2.08,13,4,5,4,23,17,6,17,1.31,5480,Mohammed Al Sahlawi,10,Waleed Abdullah
2017,4,Al-Ettifaq,26,10,6,10,37,46,-9,36,1.38,7,2,4,23,20,3,23,1.77,13,3,4,6,14,26,-12,13,1.0,3090,Hazaa Al Hazaa,7,Ahmed Al-Kassar
2017,5,Al-Fateh,26,9,9,8,34,39,-5,36,1.38,5,4,4,17,21,-4,19,1.46,13,4,5,4,17,18,-1,17,1.31,2978,João Pedro Pereira dos Santos,9,Ali Al-Mazidi
2017,6,Al-Faisaly,26,9,8,9,39,33,6,35,1.35,5,3,5,18,16,2,18,1.38,13,4,5,4,21,17,4,17,1.31,972,Luis Gustavo Melere da Silva,9,Mustafa Malayekah
2017,7,Al-Taawoun,26,9,7,10,43,36,7,34,1.31,6,4,3,24,14,10,22,1.69,13,3,3,7,19,22,-3,12,0.92,3876,Cédric Amissi,6,Essam El-Hadary
2017,8,Al-Fayha,26,8,10,8,36,40,-4,34,1.31,6,4,3,22,19,3,22,1.69,13,2,6,5,14,21,-7,12,0.92,938,Ronnie Fernández,13,Abdulrahman Dagriri
2017,9,Al-Ittihad,26,8,9,9,34,41,-7,33,1.27,2,7,4,17,22,-5,13,1.0,13,6,2,5,17,19,-2,20,1.54,16213,Ahmed Akaïchi,10,Fawaz Al-Qarni
2017,10,Al-Shabab,26,8,7,11,36,36,0,31,1.19,4,3,6,18,17,1,15,1.15,13,4,4,5,18,19,-1,16,1.23,2135,Nasser Al Shamrani,7,Farouk Ben Mustapha
2017,11,Al-Batin,26,8,7,11,35,46,-11,31,1.19,2,5,6,16,24,-8,11,0.85,13,6,2,5,19,22,-3,20,1.54,2689,Jorge Santos Silva,11,Mazyad Freeh
2017,12,Al-Qadsiah,26,6,7,13,28,41,-13,25,0.96,4,4,5,15,16,-1,16,1.23,13,2,3,8,13,25,-12,9,0.69,2073,Bismark Ferreira,10,Faisel Masrahi
2017,13,Al-Raed,26,5,9,12,43,53,-10,24,0.92,3,5,5,19,26,-7,14,1.08,13,2,4,7,24,27,-3,10,0.77,4769,Ismaël Bangoura,10,Mutaeb Sharahili
2017,14,Ohod,26,4,6,16,24,48,-24,18,0.69,3,3,7,14,24,-10,12,0.92,13,1,3,9,10,24,-14,6,0.46,6102,Hichem Essifi,5,Azzedine Doukha
2016,1,Al-Hilal,26,21,3,2,63,16,47,66,2.54,9,2,2,33,9,24,29,2.23,13,12,1,0,30,7,23,37,2.85,15387,Léo Bonatini,12,Abdullah Al-Mayouf
2016,2,Al-Ahli,26,17,4,5,57,30,27,55,2.12,9,2,2,27,11,16,29,2.23,13,8,2,3,30,19,11,26,2.0,20689,Omar Al Somah,24,Yasser Al Mosailem
2016,3,Al-Nassr,26,16,4,6,44,25,19,52,2.0,9,3,1,22,7,15,30,2.31,13,7,1,5,22,18,4,22,1.69,7635,Hassan Al Raheb,9,Hussain Shae'an
2016,4,Al-Ittihad,26,17,4,5,57,37,20,52,2.0,7,2,4,25,20,5,23,1.77,13,10,2,1,32,17,15,32,2.46,25407,Kahraba,16,Assaf Al-Qarni
2016,5,Al-Raed,26,11,2,13,37,47,-10,35,1.35,8,1,4,24,21,3,25,1.92,13,3,1,9,13,26,-13,10,0.77,5843,Ismaël Bangoura,18,Mutaeb Sharahili
2016,6,Al-Shabab,26,8,9,9,28,32,-4,33,1.27,3,6,4,16,16,0,15,1.15,13,5,3,5,12,16,-4,18,1.38,2801,Mohamed Benyettou,10,Waleed Abdullah
2016,7,Al-Taawoun,26,9,4,13,33,40,-7,31,1.19,6,3,4,18,16,2,21,1.62,13,3,1,9,15,24,-9,10,0.77,5025,Mounir El Hamdaoui,5,Fahad Al-Shamri
2016,8,Al-Fateh,26,7,8,11,33,39,-6,29,1.12,5,3,5,20,18,2,18,1.38,13,2,5,6,13,21,-8,11,0.85,3384,Nathan Júnior,5,Abdullah Al-Owaishir
2016,9,Al-Faisaly,26,6,10,10,30,41,-11,28,1.08,4,4,5,21,25,-4,16,1.23,13,2,6,5,9,16,-7,12,0.92,760,Luis Gustavo Melere da Silva,9,Mustafa Malayekah
2016,10,Al-Qadsiah,26,6,10,10,38,38,0,28,1.08,4,5,4,19,16,3,17,1.31,13,2,5,6,19,22,-3,11,0.85,1719,Bismark Ferreira,8,Faisel Masrahi
2016,11,Al-Ettifaq,26,7,6,13,31,45,-14,27,1.04,5,2,6,19,21,-2,17,1.31,13,2,4,7,12,24,-12,10,0.77,3767,Mohammed Al Kwikbi,5,Ahmed Al-Kassar
2016,12,Al-Batin,26,6,8,12,31,43,-12,26,1.0,6,4,3,16,10,6,22,1.69,13,0,4,9,15,33,-18,4,0.31,2609,Jorge Santos Silva,12,Mazyad Freeh
2016,13,Al-Khaleej,26,5,8,13,32,51,-19,23,0.88,2,4,7,18,28,-10,10,0.77,13,3,4,6,14,23,-9,13,1.0,1139,Jandson dos Santos,12,Moslem Al Freej
2016,14,Al-Wehda,26,5,2,19,35,65,-30,17,0.65,4,0,9,22,31,-9,12,0.92,13,1,2,10,13,34,-21,5,0.38,1560,Mukhtar Fallatah,16,Abdullah Al-Arraf
2015,1,Al-Ahli,26,19,6,1,55,21,34,63,2.42,9,3,1,30,15,15,30,2.31,13,10,3,0,25,6,19,33,2.54,27716,Omar Al Somah,27,Yasser Al Mosailem
2015,2,Al-Hilal,26,17,4,5,52,23,29,55,2.12,8,3,2,27,9,18,27,2.08,13,9,1,3,25,14,11,28,2.15,11804,Carlos Eduardo,14,Khalid Sharahili
2015,3,Al-Ittihad,26,15,4,7,54,37,17,49,1.88,7,2,4,28,21,7,23,1.77,13,8,2,3,26,16,10,26,2.0,22728,Gelmin Rivas,19,Assaf Al-Qarni
2015,4,Al-Taawoun,26,13,6,7,54,35,19,45,1.73,9,2,2,35,14,21,29,2.23,13,4,4,5,19,21,-2,16,1.23,5378,Abdulmajeed Al Ruwaili,13,Faiz Al Subaiei
2015,5,Al-Fateh,26,11,8,7,35,28,7,41,1.58,6,5,2,16,11,5,23,1.77,13,5,3,5,19,17,2,18,1.38,2860,Élton José Xavier Gomes,12,Abdullah Al-Owaishir
2015,6,Al-Shabab,26,11,6,9,27,28,-1,39,1.5,5,3,5,14,13,1,18,1.38,13,6,3,4,13,15,-2,21,1.62,2939,Mohamed Benyettou,6,Mohammed Al-Owais
2015,7,Al-Khaleej,26,8,9,9,27,43,-16,33,1.27,3,4,6,12,22,-10,13,1.0,13,5,5,3,15,21,-6,20,1.54,1419,Hattan Bahebri,5,Moslem Al Freej
2015,8,Al-Nassr,26,7,11,8,39,33,6,32,1.23,4,6,3,17,12,5,18,1.38,13,3,5,5,22,21,1,14,1.08,6323,Adrian Mierzejewski,10,Hussain Shae'an
2015,9,Al-Wehda,26,8,7,11,30,37,-7,31,1.19,5,3,5,14,17,-3,18,1.38,13,3,4,6,16,20,-4,13,1.0,2916,Ali Awagi,11,"Abdullah Al-Arraf, Ahmed Al-Fahmi"
2015,10,Al-Faisaly,26,7,8,11,28,37,-9,29,1.12,3,4,6,17,20,-3,13,1.0,13,4,4,5,11,17,-6,16,1.23,481,Javier Balboa,8,Mansour Al-Naje
2015,11,Al-Qadsiah,26,6,10,10,26,32,-6,28,1.08,4,5,4,16,16,0,17,1.31,13,2,5,6,10,16,-6,11,0.85,2694,Jandson dos Santos,5,Faisel Masrahi
2015,12,Al-Raed,26,6,6,14,30,45,-15,24,0.92,4,3,6,15,17,-2,15,1.15,13,2,3,8,15,28,-13,9,0.69,4732,Fahad Al Johani,7,Fahad Al-Shamri
2015,13,Najran,26,5,6,15,36,53,-17,21,0.81,2,4,7,19,24,-5,10,0.77,13,3,2,8,17,29,-12,11,0.85,2674,Bismark Ferreira,7,Abdulaziz Takrouni
2015,14,Hajer,26,2,3,21,15,56,-41,9,0.35,1,0,12,8,29,-21,3,0.23,13,1,3,9,7,27,-20,6,0.46,1710,Mohammed Al Saiari,6,Mustafa Malayekah
2014,1,Al-Nassr,26,20,4,2,62,20,42,64,2.46,9,3,1,32,13,19,30,2.31,13,11,1,1,30,7,23,34,2.62,19579,Mohammed Al Sahlawi,21,Abdullah Al-Enezi
2014,2,Al-Ahli,26,17,9,0,59,22,37,60,2.31,8,5,0,28,9,19,29,2.23,13,9,4,0,31,13,18,31,2.38,36165,Omar Al Somah,22,Abdullah Al-Mayouf
2014,3,Al-Hilal,26,16,6,4,46,17,29,54,2.08,10,1,2,31,8,23,31,2.38,13,6,5,2,15,9,6,23,1.77,13043,Nasser Al Shamrani,13,Abdullah Al-Sudairy
2014,4,Al-Ittihad,26,16,4,6,44,33,11,52,2.0,8,2,3,21,16,5,26,2.0,13,8,2,3,23,17,6,26,2.0,42371,Abdulrahman Al Ghamdi,8,Hani Al-Nahedh
2014,5,Al-Shabab,26,11,7,8,37,31,6,40,1.54,6,2,5,21,18,3,20,1.54,13,5,5,3,16,13,3,20,1.54,3375,Naif Hazazi,14,Waleed Abdullah
2014,6,Al-Fateh,26,9,6,11,35,43,-8,33,1.27,6,3,4,18,14,4,21,1.62,13,3,3,7,17,29,-12,12,0.92,3876,Doris Fuakumputu,10,Abdullah Al-Owaishir
2014,7,Al-Faisaly,26,8,6,12,31,42,-11,30,1.15,4,3,6,17,24,-7,15,1.15,13,4,3,6,14,18,-4,15,1.15,570,Ashraf Nu'man,6,Mansour Al-Naje
2014,8,Al-Khaleej,26,7,8,11,35,41,-6,29,1.12,4,4,5,16,15,1,16,1.23,13,3,4,6,19,26,-7,13,1.0,2447,Hamza Al Dardour,7,Moslem Al Freej
2014,9,Al-Taawoun,26,7,7,12,42,46,-4,28,1.08,4,4,5,21,20,1,16,1.23,13,3,3,7,21,26,-5,12,0.92,2968,Paul Alo'o,15,Basim Al Atallah
2014,10,Hajer,26,8,4,14,29,56,-27,28,1.08,5,3,5,15,22,-7,18,1.38,13,3,1,9,14,34,-20,10,0.77,1622,Mohammed Al Rashed,8,Mustafa Malayekah
2014,11,Al-Raed,26,7,5,14,33,45,-12,26,1.0,6,2,5,20,19,1,20,1.54,13,1,3,9,13,26,-13,6,0.46,3406,Hassan Taïr,10,Ahmed Al-Kassar
2014,12,Najran,26,7,3,16,28,41,-13,24,0.92,3,2,8,13,22,-9,11,0.85,13,4,1,8,15,19,-4,13,1.0,1175,Jandson dos Santos,13,Mohammed Sharifi
2014,13,Al-Shoulla,26,5,6,15,26,48,-22,21,0.81,5,3,5,19,21,-2,18,1.38,13,0,3,10,7,27,-20,3,0.23,1154,Younes Alaiwi,5,Mohammed Al-Waked
2014,14,Al-Orobah,26,4,5,17,21,43,-22,17,0.65,4,3,6,16,19,-3,15,1.15,13,0,2,11,5,24,-19,2,0.15,3723,Mousa Al Shameri,6,Rafea Al-Ruwaili
