Squad,# Pl,Age,Poss,MP,Starts,Min,90s,Gls,Ast,G-PK,PK,PKatt,CrdY,CrdR,Gls-90,Ast-90,G+A,G-PK-90,G+A-PK,Sh,SoT,SoT%,Sh/90,SoT/90,G/Sh,G/SoT,PK,PKatt,Subs,Mn/Sub,unSub,PPM,onG,onGA,+/-,+/-90,Fls,Fld,Off,Crs,Int,TklW,OG,year,GA,GA90,SoTA,Saves,W,D,L,CS,CS%,PKatt,PKA,PKsv,PKm,P-Save%
Abha,30,28.3,47.2,30,330,2700,30.0,26,17,23,3,5,56,3,0.87,0.57,1.43,0.77,1.33,316,101,32.0,10.53,3.37,0.07,0.23,3,5,91,17,175,1.17,27,43,-16,-0.53,389,356,47,534,339,240,2,2021,43,1.43,128,90,9,8,13,8,26.7,5,5,0,0,0.0
Al-Ahli,35,27.5,55.2,30,330,2700,30.0,37,21,28,9,10,77,3,1.23,0.7,1.93,0.93,1.63,434,140,32.3,14.47,4.67,0.06,0.2,9,10,120,20,147,1.07,38,43,-5,-0.17,408,378,48,645,335,289,1,2021,43,1.43,124,85,6,14,10,5,16.7,4,4,0,0,0.0
Al-Batin,29,28.0,42.1,30,330,2700,30.0,30,15,25,5,6,71,2,1.0,0.5,1.5,0.83,1.33,272,109,40.1,9.07,3.63,0.09,0.23,5,6,88,15,179,1.1,31,41,-10,-0.33,428,440,26,467,395,309,5,2021,41,1.37,129,93,8,9,13,8,26.7,5,5,0,0,0.0
Al-Ettifaq,28,28.2,48.9,30,330,2700,30.0,39,25,35,4,6,56,8,1.3,0.83,2.13,1.17,2.0,358,119,33.2,11.93,3.97,0.1,0.29,4,6,115,19,154,1.13,40,47,-7,-0.23,417,331,65,486,314,276,1,2021,47,1.57,127,86,8,10,12,8,26.7,6,6,0,0,0.0
Al-Faisaly,31,28.7,51.0,30,330,2700,30.0,28,18,26,2,2,73,4,0.93,0.6,1.53,0.87,1.47,306,91,29.7,10.2,3.03,0.08,0.29,2,2,99,17,171,1.1,28,37,-9,-0.3,469,437,43,525,321,246,0,2021,37,1.23,116,84,7,12,11,10,33.3,6,5,1,0,16.7
Al-Fateh,39,28.3,52.5,30,330,2700,30.0,45,25,38,7,8,73,7,1.5,0.83,2.33,1.27,2.1,333,132,39.6,11.1,4.4,0.11,0.29,7,8,129,18,140,1.17,45,41,4,0.13,407,407,63,522,284,282,0,2021,41,1.37,98,65,9,8,13,9,30.0,10,5,5,0,50.0
Al-Fayha,32,29.3,39.6,30,330,2700,30.0,21,18,20,1,1,54,2,0.7,0.6,1.3,0.67,1.27,307,105,34.2,10.23,3.5,0.07,0.19,1,1,131,20,137,1.17,21,24,-3,-0.1,378,385,66,392,263,299,0,2021,24,0.8,117,96,8,11,11,13,43.3,4,2,2,0,50.0
Al-Hazem,37,27.8,49.2,30,330,2700,30.0,21,13,18,3,4,70,4,0.7,0.43,1.13,0.6,1.03,344,102,29.7,11.47,3.4,0.05,0.18,3,4,125,17,144,0.57,23,50,-27,-0.9,447,387,29,482,317,272,1,2021,48,1.6,105,66,4,5,21,5,16.7,10,3,6,1,66.7
Al-Hilal,31,29.2,64.3,30,330,2700,30.0,63,45,57,6,8,60,2,2.1,1.5,3.6,1.9,3.4,446,167,37.4,14.87,5.57,0.13,0.34,6,8,119,17,150,2.23,63,28,35,1.17,414,337,60,745,293,301,0,2021,28,0.93,86,65,20,7,3,12,40.0,7,7,0,0,0.0
Al-Ittihad,29,28.7,52.4,30,330,2700,30.0,60,41,50,10,12,61,3,2.0,1.37,3.37,1.67,3.03,381,157,41.2,12.7,5.23,0.13,0.32,10,12,104,16,166,2.17,62,29,33,1.1,366,400,60,532,247,300,1,2021,29,0.97,99,73,20,5,5,12,40.0,3,2,1,0,33.3
Al-Nassr,32,27.0,54.8,30,330,2700,30.0,55,29,49,6,9,61,4,1.83,0.97,2.8,1.63,2.6,452,169,37.4,15.07,5.63,0.11,0.29,6,9,114,22,156,2.03,58,36,22,0.73,377,379,36,513,303,321,0,2021,36,1.2,95,67,19,4,7,8,26.7,9,8,0,1,0.0
Al-Raed,28,28.8,47.8,30,330,2700,30.0,34,21,30,4,6,44,1,1.13,0.7,1.83,1.0,1.7,325,105,32.3,10.83,3.5,0.09,0.29,4,6,124,19,145,1.2,35,45,-10,-0.33,389,381,53,509,305,326,1,2021,45,1.5,111,72,10,6,14,8,26.7,7,5,1,1,16.7
Al-Shabab,37,27.8,54.1,30,330,2700,30.0,49,39,45,4,7,61,6,1.63,1.3,2.93,1.5,2.8,387,157,40.6,12.9,5.23,0.12,0.29,4,7,97,14,170,1.83,52,36,16,0.53,417,396,79,466,276,286,0,2021,36,1.2,121,93,15,10,5,11,36.7,8,7,1,0,12.5
Al-Ta'ee,32,28.8,47.0,30,330,2700,30.0,33,27,32,1,2,70,0,1.1,0.9,2.0,1.07,1.97,322,106,32.9,10.73,3.53,0.1,0.3,1,2,102,22,165,1.23,33,45,-12,-0.4,463,395,56,545,380,336,1,2021,45,1.5,122,80,11,4,15,6,20.0,3,3,0,0,0.0
Al-Taawoun,34,28.5,49.4,30,330,2700,30.0,42,26,36,6,8,77,6,1.4,0.87,2.27,1.2,2.07,374,124,33.2,12.47,4.13,0.1,0.29,6,8,116,16,147,1.13,43,48,-5,-0.17,409,421,53,439,280,299,3,2021,48,1.6,119,78,7,13,10,5,16.7,8,7,0,1,0.0
Damac,32,29.3,46.8,30,330,2700,30.0,37,16,28,9,10,57,5,1.23,0.53,1.77,0.93,1.47,301,112,37.2,10.03,3.73,0.09,0.25,9,10,138,18,132,1.47,38,44,-6,-0.2,392,401,59,530,332,298,1,2021,44,1.47,152,118,12,8,10,9,30.0,10,6,4,0,40.0
Abha,24,28.3,43.2,30,330,2700,30.0,42,28,39,3,5,68,2,1.4,0.93,2.33,1.3,2.23,353,126,35.7,11.77,4.2,0.11,0.31,3,5,77,17,193,1.2,42,50,-8,-0.27,385,381,43,534,442,297,0,2020,50,1.67,162,118,10,6,14,4,13.3,7,5,1,1,16.7
Al-Ahli,33,27.9,48.8,30,330,2700,30.0,44,28,38,6,8,56,2,1.47,0.93,2.4,1.27,2.2,376,139,37.0,12.53,4.63,0.1,0.27,6,8,122,20,147,1.3,44,56,-12,-0.4,431,437,47,483,353,296,0,2020,56,1.87,151,109,11,6,13,6,20.0,14,13,1,0,7.1
Al-Ain,34,28.3,53.2,30,330,2700,30.0,34,22,30,4,5,62,1,1.13,0.73,1.87,1.0,1.73,364,128,35.2,12.13,4.27,0.08,0.23,4,5,115,18,149,0.67,34,64,-30,-1.0,411,396,46,499,361,290,2,2020,64,2.13,138,88,5,5,20,5,16.7,15,10,5,0,33.3
Al-Batin,25,27.2,45.7,30,330,2700,30.0,41,33,37,4,5,59,3,1.37,1.1,2.47,1.23,2.33,340,115,33.8,11.33,3.83,0.11,0.32,4,5,101,21,165,1.2,43,55,-12,-0.4,417,412,38,603,361,304,1,2020,55,1.83,167,122,9,9,12,3,10.0,11,9,1,1,10.0
Al-Ettifaq,27,27.5,52.4,30,330,2700,30.0,50,30,41,9,9,54,3,1.67,1.0,2.67,1.37,2.37,458,166,36.2,15.27,5.53,0.09,0.25,9,9,109,13,159,1.57,50,48,2,0.07,440,405,35,546,394,294,1,2020,48,1.6,109,74,14,5,11,4,13.3,14,12,1,1,7.7
Al-Faisaly,29,27.9,50.8,30,330,2700,30.0,39,25,33,6,7,71,1,1.3,0.83,2.13,1.1,1.93,379,129,34.0,12.63,4.3,0.09,0.26,6,7,98,19,165,1.2,42,47,-5,-0.17,410,452,29,543,361,285,0,2020,47,1.57,114,76,9,9,12,5,16.7,9,6,3,0,33.3
Al-Fateh,29,28.5,48.2,30,330,2700,30.0,53,32,43,10,11,64,3,1.77,1.07,2.83,1.43,2.5,422,159,37.7,14.07,5.3,0.1,0.27,10,11,127,19,143,1.4,55,55,0,0.0,533,419,70,616,420,289,2,2020,56,1.87,131,81,12,6,12,4,13.3,7,5,1,1,16.7
Al-Hilal,28,29.1,65.5,30,330,2700,30.0,60,29,50,10,11,57,1,2.0,0.97,2.97,1.67,2.63,472,189,40.0,15.73,6.3,0.11,0.26,10,11,124,16,145,2.03,60,27,33,1.1,424,364,61,785,287,274,0,2020,27,0.9,98,80,18,7,5,11,36.7,9,7,2,0,22.2
Al-Ittihad,30,27.9,50.5,30,330,2700,30.0,44,29,39,5,8,56,3,1.47,0.97,2.43,1.3,2.27,376,125,33.2,12.53,4.17,0.1,0.31,5,8,119,16,151,1.87,45,29,16,0.53,413,397,34,495,287,267,1,2020,29,0.97,124,104,15,11,4,7,23.3,10,7,2,1,22.2
Al-Nassr,32,27.4,57.8,30,330,2700,30.0,52,34,42,10,19,77,3,1.73,1.13,2.87,1.4,2.53,461,167,36.2,15.37,5.57,0.09,0.25,10,19,119,21,150,1.53,53,40,13,0.43,440,455,58,651,325,243,2,2020,40,1.33,96,64,13,7,10,7,23.3,9,7,1,1,12.5
Al-Qadsiah,32,27.3,45.6,30,330,2700,30.0,41,21,29,12,13,74,7,1.37,0.7,2.07,0.97,1.67,336,123,36.6,11.2,4.1,0.09,0.24,12,13,107,14,160,1.17,41,47,-6,-0.2,423,474,34,425,334,260,0,2020,46,1.53,134,96,8,11,11,3,10.0,9,6,2,1,25.0
Al-Raed,29,28.2,47.8,30,330,2700,30.0,44,28,35,9,13,75,5,1.47,0.93,2.4,1.17,2.1,324,129,39.8,10.8,4.3,0.11,0.27,9,13,114,20,125,1.2,44,47,-3,-0.1,436,364,41,479,376,305,2,2020,45,1.5,104,65,10,6,14,7,23.3,8,6,1,1,14.3
Al-Shabab,28,28.0,55.4,30,330,2700,30.0,68,56,61,7,8,69,4,2.27,1.87,4.13,2.03,3.9,443,191,43.1,14.77,6.37,0.14,0.32,7,8,122,20,146,1.9,68,43,25,0.83,391,370,52,544,327,242,0,2020,41,1.37,132,95,17,6,7,6,20.0,6,5,1,0,16.7
Al-Taawoun,27,29.3,47.6,30,330,2700,30.0,38,24,33,5,7,78,2,1.27,0.8,2.07,1.1,1.9,342,111,32.5,11.4,3.7,0.1,0.3,5,7,130,19,139,1.57,42,30,12,0.4,504,394,66,580,369,296,2,2020,30,1.0,120,98,13,8,9,11,36.7,10,8,1,1,11.1
Al-Wehda,30,27.5,45.5,30,330,2700,30.0,39,26,32,7,8,76,3,1.3,0.87,2.17,1.07,1.93,371,142,38.3,12.37,4.73,0.09,0.23,7,8,101,17,166,1.07,40,60,-20,-0.67,431,383,59,600,293,275,2,2020,61,2.03,151,100,9,5,16,3,10.0,11,10,0,1,0.0
Damac,33,28.6,42.7,30,330,2700,30.0,42,25,29,13,14,73,6,1.4,0.83,2.23,0.97,1.8,356,129,36.2,11.87,4.3,0.08,0.22,13,14,129,21,140,1.2,43,48,-5,-0.17,352,392,41,674,421,284,0,2020,46,1.53,130,88,9,9,12,6,20.0,5,4,1,0,20.0
Abha,29,27.6,43.5,30,330,2700,30.0,39,27,33,6,6,65,4,1.3,0.9,2.2,1.1,2.0,327,102,31.2,10.9,3.4,0.1,0.32,6,6,72,16,197,1.27,41,52,-11,-0.37,384,398,75,440,368,346,0,2019,52,1.73,137,96,11,5,14,3,10.0,11,8,3,0,27.3
Al-Adalah,34,28.0,43.0,30,330,2700,30.0,27,13,22,5,8,72,6,0.9,0.43,1.33,0.73,1.17,322,101,31.4,10.73,3.37,0.07,0.22,5,8,98,20,170,0.7,27,62,-35,-1.17,350,405,37,415,354,333,1,2019,62,2.07,154,97,4,9,17,4,13.3,8,3,2,3,40.0
Al-Ahli,37,28.1,53.3,30,330,2700,30.0,48,32,44,4,6,70,4,1.6,1.07,2.67,1.47,2.53,421,148,35.2,14.03,4.93,0.1,0.3,4,6,93,21,173,1.67,49,36,13,0.43,427,366,47,648,380,327,0,2019,36,1.2,126,95,15,5,10,5,16.7,5,4,1,0,20.0
Al-Ettifaq,27,26.8,57.4,30,330,2700,30.0,44,27,36,8,9,54,3,1.47,0.9,2.37,1.2,2.1,374,147,39.3,12.47,4.9,0.1,0.24,8,9,99,18,171,1.4,46,38,8,0.27,380,408,42,496,337,356,2,2019,39,1.3,112,78,13,3,14,9,30.0,6,5,0,1,0.0
Al-Faisaly,28,28.0,50.9,30,330,2700,30.0,40,27,35,5,7,60,3,1.33,0.9,2.23,1.17,2.07,343,125,36.4,11.43,4.17,0.1,0.28,5,7,88,18,179,1.6,41,36,5,0.17,415,420,45,518,257,281,1,2019,36,1.2,105,75,14,6,10,8,26.7,7,5,1,1,16.7
Al-Fateh,28,27.1,45.9,30,330,2700,30.0,41,25,32,9,12,74,4,1.37,0.83,2.2,1.07,1.9,370,123,33.2,12.33,4.1,0.09,0.26,9,12,103,18,167,1.1,42,49,-7,-0.23,477,341,50,555,361,315,0,2019,49,1.63,120,83,8,9,13,5,16.7,12,11,1,0,8.3
Al-Fayha,27,28.7,44.6,30,330,2700,30.0,33,21,30,3,4,59,4,1.1,0.7,1.8,1.0,1.7,396,141,35.6,13.2,4.7,0.08,0.21,3,4,98,18,161,1.07,34,44,-10,-0.33,420,360,55,643,317,281,1,2019,44,1.47,133,95,8,8,14,5,16.7,6,6,0,0,0.0
Al-Hazem,28,27.6,42.9,30,330,2700,30.0,39,28,34,5,8,54,2,1.3,0.93,2.23,1.13,2.07,399,141,35.3,13.3,4.7,0.09,0.24,5,8,94,21,175,0.9,40,61,-21,-0.7,446,375,42,575,406,358,2,2019,61,2.03,156,106,7,6,17,4,13.3,11,10,1,0,9.1
Al-Hilal,27,28.7,63.8,30,330,2700,30.0,73,48,61,12,14,51,1,2.43,1.6,4.03,2.03,3.63,422,179,42.4,14.07,5.97,0.14,0.34,12,14,103,18,164,2.4,74,26,48,1.6,385,381,64,596,299,266,1,2019,26,0.87,97,74,22,6,2,10,33.3,5,3,1,1,25.0
Al-Ittihad,37,27.4,51.5,30,330,2700,30.0,41,29,34,7,7,72,3,1.37,0.97,2.33,1.13,2.1,321,125,38.9,10.7,4.17,0.11,0.27,7,7,84,18,174,1.17,42,41,1,0.03,419,377,55,560,347,343,1,2019,41,1.37,116,80,9,8,13,3,10.0,6,4,1,1,20.0
Al-Nassr,28,28.3,59.0,30,330,2700,30.0,60,40,51,9,10,51,1,2.0,1.33,3.33,1.7,3.03,512,191,37.3,17.07,6.37,0.1,0.27,9,10,99,17,169,2.13,60,26,34,1.13,364,380,58,786,301,303,1,2019,27,0.9,85,61,19,7,4,12,40.0,3,3,0,0,0.0
Al-Raed,24,27.8,53.3,30,330,2700,30.0,41,21,33,8,10,60,2,1.37,0.7,2.07,1.1,1.8,308,115,37.3,10.27,3.83,0.11,0.29,8,10,97,20,169,1.53,41,50,-9,-0.3,415,445,46,427,296,318,0,2019,50,1.67,131,94,13,7,10,7,23.3,13,9,4,0,30.8
Al-Shabab,31,28.3,48.2,30,330,2700,30.0,38,30,34,4,8,67,7,1.27,1.0,2.27,1.13,2.13,379,133,35.1,12.63,4.43,0.09,0.26,4,8,79,18,180,1.43,38,37,1,0.03,409,373,40,516,360,316,0,2019,37,1.23,117,88,12,7,11,11,36.7,8,7,1,0,12.5
Al-Taawoun,32,29.5,53.3,30,330,2700,30.0,32,21,28,4,4,72,5,1.07,0.7,1.77,0.93,1.63,362,112,30.9,12.07,3.73,0.08,0.25,4,4,100,19,162,1.17,33,40,-7,-0.23,422,403,50,603,294,285,2,2019,40,1.33,135,97,10,5,15,6,20.0,2,2,0,0,0.0
Al-Wehda,36,27.7,48.7,30,330,2700,30.0,45,34,42,3,3,77,3,1.5,1.13,2.63,1.4,2.53,341,138,40.5,11.37,4.6,0.12,0.3,3,3,87,15,182,1.63,45,40,5,0.17,420,366,58,484,351,357,1,2019,40,1.33,121,86,16,1,13,10,33.3,6,4,1,1,20.0
Damac,42,28.2,41.5,30,330,2700,30.0,36,22,32,4,5,60,3,1.2,0.73,1.93,1.07,1.8,312,118,37.8,10.4,3.93,0.1,0.27,4,5,94,20,174,1.17,37,52,-15,-0.5,381,361,44,423,328,322,0,2019,52,1.73,143,103,9,8,13,5,16.7,12,12,0,0,0.0
Al-Ahli,36,28.0,55.7,30,330,2700,30.0,67,48,59,8,8,59,4,2.23,1.6,3.83,1.97,3.57,413,167,40.4,13.77,5.57,0.14,0.35,8,8,88,21,181,1.83,68,41,27,0.9,383,379,66,528,403,359,0,2018,41,1.37,139,103,17,4,9,9,30.0,5,4,1,0,20.0
Al-Batin,32,28.4,39.6,30,330,2700,30.0,28,17,24,4,6,62,2,0.93,0.57,1.5,0.8,1.37,296,118,39.9,9.87,3.93,0.08,0.2,4,6,87,19,178,0.83,29,53,-24,-0.8,419,435,37,358,410,370,2,2018,48,1.6,137,93,7,4,19,8,26.7,4,4,0,0,0.0
Al-Ettifaq,33,26.0,48.4,30,330,2700,30.0,40,26,38,2,2,84,6,1.33,0.87,2.2,1.27,2.13,397,147,37.0,13.23,4.9,0.1,0.26,2,2,82,21,187,1.1,40,55,-15,-0.5,467,416,66,442,453,431,1,2018,56,1.87,136,92,8,9,13,7,23.3,12,9,3,0,25.0
Al-Faisaly,25,28.5,50.3,30,330,2700,30.0,51,34,47,4,6,51,3,1.7,1.13,2.83,1.57,2.7,369,139,37.7,12.3,4.63,0.13,0.34,4,6,77,15,192,1.43,51,47,4,0.13,337,421,46,421,322,354,1,2018,47,1.57,131,90,12,7,11,7,23.3,6,6,0,0,0.0
Al-Fateh,30,26.2,42.4,30,330,2700,30.0,30,14,22,8,9,59,2,1.0,0.47,1.47,0.73,1.2,320,114,35.6,10.67,3.8,0.07,0.19,8,9,89,21,179,1.17,32,45,-13,-0.43,368,335,48,485,431,365,1,2018,44,1.47,135,93,8,11,11,11,36.7,6,1,1,4,50.0
Al-Fayha,34,28.5,44.5,30,330,2700,30.0,33,24,30,3,3,69,6,1.1,0.8,1.9,1.0,1.8,329,114,34.7,10.97,3.8,0.09,0.26,3,3,88,19,181,1.07,36,52,-16,-0.53,407,385,58,394,455,356,1,2018,53,1.77,140,94,9,5,16,3,10.0,7,7,0,0,0.0
Al-Hazem,30,27.2,43.3,30,330,2700,30.0,32,22,29,3,4,60,3,1.07,0.73,1.8,0.97,1.7,356,131,36.8,11.87,4.37,0.08,0.22,3,4,85,20,183,1.03,33,50,-17,-0.57,439,421,64,508,462,434,2,2018,48,1.6,148,109,7,10,13,4,13.3,10,7,2,1,22.2
Al-Hilal,30,28.4,64.2,30,330,2700,30.0,66,40,54,12,15,57,7,2.2,1.33,3.53,1.8,3.13,491,189,38.5,16.37,6.3,0.11,0.29,12,15,82,17,186,2.3,66,33,33,1.1,433,358,65,707,342,339,0,2018,33,1.1,82,55,21,6,3,9,30.0,6,6,0,0,0.0
Al-Ittihad,40,27.4,54.2,30,330,2700,30.0,44,34,41,3,5,60,2,1.47,1.13,2.6,1.37,2.5,450,150,33.3,15.0,5.0,0.09,0.27,3,5,85,22,176,1.13,44,45,-1,-0.03,446,397,52,540,405,410,0,2018,43,1.43,119,82,9,7,14,7,23.3,7,5,1,1,16.7
Al-Nassr,31,28.3,59.0,30,330,2700,30.0,66,50,58,8,9,42,2,2.2,1.67,3.87,1.93,3.6,446,166,37.2,14.87,5.53,0.13,0.35,8,9,82,15,187,2.33,69,27,42,1.4,414,434,57,628,339,355,1,2018,27,0.9,91,69,22,4,4,13,43.3,6,5,0,1,0.0
Al-Qadsiah,33,26.8,48.9,30,330,2700,30.0,34,24,32,2,3,65,5,1.13,0.8,1.93,1.07,1.87,340,112,32.9,11.33,3.73,0.09,0.29,2,3,86,24,181,0.93,34,51,-17,-0.57,400,369,61,432,384,361,2,2018,51,1.7,151,107,8,4,18,6,20.0,8,6,1,1,14.3
Al-Raed,28,27.5,48.6,30,330,2700,30.0,38,24,32,6,7,51,4,1.27,0.8,2.07,1.07,1.87,345,108,31.3,11.5,3.6,0.09,0.3,6,7,89,21,173,1.27,38,48,-10,-0.33,377,374,39,458,382,342,1,2018,46,1.53,142,99,10,8,12,8,26.7,3,3,0,0,0.0
Al-Shabab,31,28.0,48.2,30,330,2700,30.0,39,29,36,3,4,65,5,1.3,0.97,2.27,1.2,2.17,453,160,35.3,15.1,5.33,0.08,0.23,3,4,87,20,171,1.8,39,25,14,0.47,436,452,57,561,428,354,1,2018,26,0.87,120,98,15,9,6,11,36.7,5,4,0,1,0.0
Al-Taawoun,27,29.2,54.4,30,330,2700,30.0,59,41,50,9,13,66,3,1.97,1.37,3.33,1.67,3.03,462,175,37.9,15.4,5.83,0.11,0.29,9,13,87,15,177,1.87,61,31,30,1.0,478,405,66,555,415,350,0,2018,32,1.07,101,72,16,8,6,10,33.3,3,3,0,0,0.0
Al-Wehda,28,27.1,51.0,30,330,2700,30.0,40,29,36,4,6,52,1,1.33,0.97,2.3,1.2,2.17,359,122,34.0,11.97,4.07,0.1,0.3,4,6,89,20,175,1.4,41,41,0,0.0,406,348,50,472,359,412,2,2018,38,1.27,130,96,12,6,12,6,20.0,5,4,0,1,0.0
Ohod,42,28.5,47.7,30,330,2700,30.0,24,13,20,4,5,68,5,0.8,0.43,1.23,0.67,1.1,344,112,32.6,11.47,3.73,0.06,0.18,4,5,86,26,169,0.7,25,62,-37,-1.23,424,425,66,529,400,392,0,2018,64,2.13,153,99,5,6,19,6,20.0,12,9,1,2,10.0
