Squad,# Pl,Age,MP,Starts,Min,90s,Gls,Ast,G-PK,PK,PKatt,CrdY,CrdR,Gls-90,Ast-90,G+A,G-PK-90,G+A-PK,Subs,Mn/Sub,unSub,PPM,onG,onGA,+/-,+/-90,year,GA,GA90,SoTA,Saves,Save%,W,D,L,CS,CS%,PKatt,PKA,PKsv,PKm,P-Save%
Abha,30,28.3,30,330,2700,30.0,26,17,23,3,5,56,3,0.87,0.57,1.43,0.77,1.33,91,17,175,1.17,27,43,-16,-0.53,2021,43,1.43,128,90,70.3,9,8,13,8,26.7,5,5,0,0,0.0
Al-Ahli,35,27.5,30,330,2700,30.0,37,21,28,9,10,77,3,1.23,0.7,1.93,0.93,1.63,120,20,147,1.07,38,43,-5,-0.17,2021,43,1.43,124,85,68.5,6,14,10,5,16.7,4,4,0,0,0.0
Al-Batin,29,28.0,30,330,2700,30.0,30,15,25,5,6,71,2,1.0,0.5,1.5,0.83,1.33,88,15,179,1.1,31,41,-10,-0.33,2021,41,1.37,129,93,72.1,8,9,13,8,26.7,5,5,0,0,0.0
Al-Ettifaq,28,28.2,30,330,2700,30.0,39,25,35,4,6,56,8,1.3,0.83,2.13,1.17,2.0,115,19,154,1.13,40,47,-7,-0.23,2021,47,1.57,127,86,67.7,8,10,12,8,26.7,6,6,0,0,0.0
Al-Faisaly,31,28.7,30,330,2700,30.0,28,18,26,2,2,73,4,0.93,0.6,1.53,0.87,1.47,99,17,171,1.1,28,37,-9,-0.3,2021,37,1.23,116,84,72.4,7,12,11,10,33.3,6,5,1,0,16.7
Al-Fateh,39,28.3,30,330,2700,30.0,45,25,38,7,8,73,7,1.5,0.83,2.33,1.27,2.1,129,18,140,1.17,45,41,4,0.13,2021,41,1.37,98,65,63.3,9,8,13,9,30.0,10,5,5,0,50.0
Al-Fayha,32,29.3,30,330,2700,30.0,21,18,20,1,1,54,2,0.7,0.6,1.3,0.67,1.27,131,20,137,1.17,21,24,-3,-0.1,2021,24,0.8,117,96,81.2,8,11,11,13,43.3,4,2,2,0,50.0
Al-Hazem,37,27.8,30,330,2700,30.0,21,13,18,3,4,70,4,0.7,0.43,1.13,0.6,1.03,125,17,144,0.57,23,50,-27,-0.9,2021,48,1.6,105,66,57.1,4,5,21,5,16.7,10,3,6,1,66.7
Al-Hilal,31,29.2,30,330,2700,30.0,63,45,57,6,8,60,2,2.1,1.5,3.6,1.9,3.4,119,17,150,2.23,63,28,35,1.17,2021,28,0.93,86,65,75.6,20,7,3,12,40.0,7,7,0,0,0.0
Al-Ittihad,29,28.7,30,330,2700,30.0,60,41,50,10,12,61,3,2.0,1.37,3.37,1.67,3.03,104,16,166,2.17,62,29,33,1.1,2021,29,0.97,99,73,72.7,20,5,5,12,40.0,3,2,1,0,33.3
Al-Nassr,32,27.0,30,330,2700,30.0,55,29,49,6,9,61,4,1.83,0.97,2.8,1.63,2.6,114,22,156,2.03,58,36,22,0.73,2021,36,1.2,95,67,70.5,19,4,7,8,26.7,9,8,0,1,0.0
Al-Raed,28,28.8,30,330,2700,30.0,34,21,30,4,6,44,1,1.13,0.7,1.83,1.0,1.7,124,19,145,1.2,35,45,-10,-0.33,2021,45,1.5,111,72,64.0,10,6,14,8,26.7,7,5,1,1,16.7
Al-Shabab,37,27.8,30,330,2700,30.0,49,39,45,4,7,61,6,1.63,1.3,2.93,1.5,2.8,97,14,170,1.83,52,36,16,0.53,2021,36,1.2,121,93,76.0,15,10,5,11,36.7,8,7,1,0,12.5
Al-Ta'ee,32,28.8,30,330,2700,30.0,33,27,32,1,2,70,0,1.1,0.9,2.0,1.07,1.97,102,22,165,1.23,33,45,-12,-0.4,2021,45,1.5,122,80,65.6,11,4,15,6,20.0,3,3,0,0,0.0
Al-Taawoun,34,28.5,30,330,2700,30.0,42,26,36,6,8,77,6,1.4,0.87,2.27,1.2,2.07,116,16,147,1.13,43,48,-5,-0.17,2021,48,1.6,119,78,65.5,7,13,10,5,16.7,8,7,0,1,0.0
Damac,32,29.3,30,330,2700,30.0,37,16,28,9,10,57,5,1.23,0.53,1.77,0.93,1.47,138,18,132,1.47,38,44,-6,-0.2,2021,44,1.47,152,118,75.0,12,8,10,9,30.0,10,6,4,0,40.0
Abha,24,28.3,30,330,2700,30.0,42,28,39,3,5,68,2,1.4,0.93,2.33,1.3,2.23,77,17,193,1.2,42,50,-8,-0.27,2020,50,1.67,162,118,72.2,10,6,14,4,13.3,7,5,1,1,16.7
Al-Ahli,33,27.9,30,330,2700,30.0,44,28,38,6,8,56,2,1.47,0.93,2.4,1.27,2.2,122,20,147,1.3,44,56,-12,-0.4,2020,56,1.87,151,109,71.5,11,6,13,6,20.0,14,13,1,0,7.1
Al-Ain,34,28.3,30,330,2700,30.0,34,22,30,4,5,62,1,1.13,0.73,1.87,1.0,1.73,115,18,149,0.67,34,64,-30,-1.0,2020,64,2.13,138,88,60.9,5,5,20,5,16.7,15,10,5,0,33.3
Al-Batin,25,27.2,30,330,2700,30.0,41,33,37,4,5,59,3,1.37,1.1,2.47,1.23,2.33,101,21,165,1.2,43,55,-12,-0.4,2020,55,1.83,167,122,72.5,9,9,12,3,10.0,11,9,1,1,10.0
Al-Ettifaq,27,27.5,30,330,2700,30.0,50,30,41,9,9,54,3,1.67,1.0,2.67,1.37,2.37,109,13,159,1.57,50,48,2,0.07,2020,48,1.6,109,74,67.0,14,5,11,4,13.3,14,12,1,1,7.7
Al-Faisaly,29,27.9,30,330,2700,30.0,39,25,33,6,7,71,1,1.3,0.83,2.13,1.1,1.93,98,19,165,1.2,42,47,-5,-0.17,2020,47,1.57,114,76,64.0,9,9,12,5,16.7,9,6,3,0,33.3
Al-Fateh,29,28.5,30,330,2700,30.0,53,32,43,10,11,64,3,1.77,1.07,2.83,1.43,2.5,127,19,143,1.4,55,55,0,0.0,2020,56,1.87,131,81,61.1,12,6,12,4,13.3,7,5,1,1,16.7
Al-Hilal,28,29.1,30,330,2700,30.0,60,29,50,10,11,57,1,2.0,0.97,2.97,1.67,2.63,124,16,145,2.03,60,27,33,1.1,2020,27,0.9,98,80,79.6,18,7,5,11,36.7,9,7,2,0,22.2
Al-Ittihad,30,27.9,30,330,2700,30.0,44,29,39,5,8,56,3,1.47,0.97,2.43,1.3,2.27,119,16,151,1.87,45,29,16,0.53,2020,29,0.97,124,104,82.3,15,11,4,7,23.3,10,7,2,1,22.2
Al-Nassr,32,27.4,30,330,2700,30.0,52,34,42,10,19,77,3,1.73,1.13,2.87,1.4,2.53,119,21,150,1.53,53,40,13,0.43,2020,40,1.33,96,64,65.6,13,7,10,7,23.3,9,7,1,1,12.5
Al-Qadsiah,32,27.3,30,330,2700,30.0,41,21,29,12,13,74,7,1.37,0.7,2.07,0.97,1.67,107,14,160,1.17,41,47,-6,-0.2,2020,46,1.53,134,96,70.1,8,11,11,3,10.0,9,6,2,1,25.0
Al-Raed,29,28.2,30,330,2700,30.0,44,28,35,9,13,75,5,1.47,0.93,2.4,1.17,2.1,114,20,125,1.2,44,47,-3,-0.1,2020,45,1.5,104,65,62.5,10,6,14,7,23.3,8,6,1,1,14.3
Al-Shabab,28,28.0,30,330,2700,30.0,68,56,61,7,8,69,4,2.27,1.87,4.13,2.03,3.9,122,20,146,1.9,68,43,25,0.83,2020,41,1.37,132,95,72.7,17,6,7,6,20.0,6,5,1,0,16.7
Al-Taawoun,27,29.3,30,330,2700,30.0,38,24,33,5,7,78,2,1.27,0.8,2.07,1.1,1.9,130,19,139,1.57,42,30,12,0.4,2020,30,1.0,120,98,81.7,13,8,9,11,36.7,10,8,1,1,11.1
Al-Wehda,30,27.5,30,330,2700,30.0,39,26,32,7,8,76,3,1.3,0.87,2.17,1.07,1.93,101,17,166,1.07,40,60,-20,-0.67,2020,61,2.03,151,100,66.2,9,5,16,3,10.0,11,10,0,1,0.0
Damac,33,28.6,30,330,2700,30.0,42,25,29,13,14,73,6,1.4,0.83,2.23,0.97,1.8,129,21,140,1.2,43,48,-5,-0.17,2020,46,1.53,130,88,67.7,9,9,12,6,20.0,5,4,1,0,20.0
Abha,29,27.6,30,330,2700,30.0,39,27,33,6,6,65,4,1.3,0.9,2.2,1.1,2.0,72,16,197,1.27,41,52,-11,-0.37,2019,52,1.73,137,96,67.9,11,5,14,3,10.0,11,8,3,0,27.3
Al-Adalah,34,28.0,30,330,2700,30.0,27,13,22,5,8,72,6,0.9,0.43,1.33,0.73,1.17,98,20,170,0.7,27,62,-35,-1.17,2019,62,2.07,154,97,61.7,4,9,17,4,13.3,8,3,2,3,40.0
Al-Ahli,37,28.1,30,330,2700,30.0,48,32,44,4,6,70,4,1.6,1.07,2.67,1.47,2.53,93,21,173,1.67,49,36,13,0.43,2019,36,1.2,126,95,74.6,15,5,10,5,16.7,5,4,1,0,20.0
Al-Ettifaq,27,26.8,30,330,2700,30.0,44,27,36,8,9,54,3,1.47,0.9,2.37,1.2,2.1,99,18,171,1.4,46,38,8,0.27,2019,39,1.3,112,78,69.6,13,3,14,9,30.0,6,5,0,1,0.0
Al-Faisaly,28,28.0,30,330,2700,30.0,40,27,35,5,7,60,3,1.33,0.9,2.23,1.17,2.07,88,18,179,1.6,41,36,5,0.17,2019,36,1.2,105,75,70.5,14,6,10,8,26.7,7,5,1,1,16.7
Al-Fateh,28,27.1,30,330,2700,30.0,41,25,32,9,12,74,4,1.37,0.83,2.2,1.07,1.9,103,18,167,1.1,42,49,-7,-0.23,2019,49,1.63,120,83,68.3,8,9,13,5,16.7,12,11,1,0,8.3
Al-Fayha,27,28.7,30,330,2700,30.0,33,21,30,3,4,59,4,1.1,0.7,1.8,1.0,1.7,98,18,161,1.07,34,44,-10,-0.33,2019,44,1.47,133,95,71.4,8,8,14,5,16.7,6,6,0,0,0.0
Al-Hazem,28,27.6,30,330,2700,30.0,39,28,34,5,8,54,2,1.3,0.93,2.23,1.13,2.07,94,21,175,0.9,40,61,-21,-0.7,2019,61,2.03,156,106,67.3,7,6,17,4,13.3,11,10,1,0,9.1
Al-Hilal,27,28.7,30,330,2700,30.0,73,48,61,12,14,51,1,2.43,1.6,4.03,2.03,3.63,103,18,164,2.4,74,26,48,1.6,2019,26,0.87,97,74,76.3,22,6,2,10,33.3,5,3,1,1,25.0
Al-Ittihad,37,27.4,30,330,2700,30.0,41,29,34,7,7,72,3,1.37,0.97,2.33,1.13,2.1,84,18,174,1.17,42,41,1,0.03,2019,41,1.37,116,80,68.1,9,8,13,3,10.0,6,4,1,1,20.0
Al-Nassr,28,28.3,30,330,2700,30.0,60,40,51,9,10,51,1,2.0,1.33,3.33,1.7,3.03,99,17,169,2.13,60,26,34,1.13,2019,27,0.9,85,61,71.8,19,7,4,12,40.0,3,3,0,0,0.0
Al-Raed,24,27.8,30,330,2700,30.0,41,21,33,8,10,60,2,1.37,0.7,2.07,1.1,1.8,97,20,169,1.53,41,50,-9,-0.3,2019,50,1.67,131,94,68.7,13,7,10,7,23.3,13,9,4,0,30.8
Al-Shabab,31,28.3,30,330,2700,30.0,38,30,34,4,8,67,7,1.27,1.0,2.27,1.13,2.13,79,18,180,1.43,38,37,1,0.03,2019,37,1.23,117,88,74.4,12,7,11,11,36.7,8,7,1,0,12.5
Al-Taawoun,32,29.5,30,330,2700,30.0,32,21,28,4,4,72,5,1.07,0.7,1.77,0.93,1.63,100,19,162,1.17,33,40,-7,-0.23,2019,40,1.33,135,97,71.9,10,5,15,6,20.0,2,2,0,0,0.0
Al-Wehda,36,27.7,30,330,2700,30.0,45,34,42,3,3,77,3,1.5,1.13,2.63,1.4,2.53,87,15,182,1.63,45,40,5,0.17,2019,40,1.33,121,86,70.2,16,1,13,10,33.3,6,4,1,1,20.0
Damac,42,28.2,30,330,2700,30.0,36,22,32,4,5,60,3,1.2,0.73,1.93,1.07,1.8,94,20,174,1.17,37,52,-15,-0.5,2019,52,1.73,143,103,72.0,9,8,13,5,16.7,12,12,0,0,0.0
Al-Ahli,36,28.0,30,330,2700,30.0,67,48,59,8,8,59,4,2.23,1.6,3.83,1.97,3.57,88,21,181,1.83,68,41,27,0.9,2018,41,1.37,139,103,73.4,17,4,9,9,30.0,5,4,1,0,20.0
Al-Batin,32,28.4,30,330,2700,30.0,28,17,24,4,6,62,2,0.93,0.57,1.5,0.8,1.37,87,19,178,0.83,29,53,-24,-0.8,2018,48,1.6,137,93,67.9,7,4,19,8,26.7,4,4,0,0,0.0
Al-Ettifaq,33,26.0,30,330,2700,30.0,40,26,38,2,2,84,6,1.33,0.87,2.2,1.27,2.13,82,21,187,1.1,40,55,-15,-0.5,2018,56,1.87,136,92,65.4,8,9,13,7,23.3,12,9,3,0,25.0
Al-Faisaly,25,28.5,30,330,2700,30.0,51,34,47,4,6,51,3,1.7,1.13,2.83,1.57,2.7,77,15,192,1.43,51,47,4,0.13,2018,47,1.57,131,90,68.7,12,7,11,7,23.3,6,6,0,0,0.0
Al-Fateh,30,26.2,30,330,2700,30.0,30,14,22,8,9,59,2,1.0,0.47,1.47,0.73,1.2,89,21,179,1.17,32,45,-13,-0.43,2018,44,1.47,135,93,68.1,8,11,11,11,36.7,6,1,1,4,50.0
Al-Fayha,34,28.5,30,330,2700,30.0,33,24,30,3,3,69,6,1.1,0.8,1.9,1.0,1.8,88,19,181,1.07,36,52,-16,-0.53,2018,53,1.77,140,94,67.1,9,5,16,3,10.0,7,7,0,0,0.0
Al-Hazem,30,27.2,30,330,2700,30.0,32,22,29,3,4,60,3,1.07,0.73,1.8,0.97,1.7,85,20,183,1.03,33,50,-17,-0.57,2018,48,1.6,148,109,72.3,7,10,13,4,13.3,10,7,2,1,22.2
Al-Hilal,30,28.4,30,330,2700,30.0,66,40,54,12,15,57,7,2.2,1.33,3.53,1.8,3.13,82,17,186,2.3,66,33,33,1.1,2018,33,1.1,82,55,67.1,21,6,3,9,30.0,6,6,0,0,0.0
Al-Ittihad,40,27.4,30,330,2700,30.0,44,34,41,3,5,60,2,1.47,1.13,2.6,1.37,2.5,85,22,176,1.13,44,45,-1,-0.03,2018,43,1.43,119,82,68.1,9,7,14,7,23.3,7,5,1,1,16.7
Al-Nassr,31,28.3,30,330,2700,30.0,66,50,58,8,9,42,2,2.2,1.67,3.87,1.93,3.6,82,15,187,2.33,69,27,42,1.4,2018,27,0.9,91,69,75.8,22,4,4,13,43.3,6,5,0,1,0.0
Al-Qadsiah,33,26.8,30,330,2700,30.0,34,24,32,2,3,65,5,1.13,0.8,1.93,1.07,1.87,86,24,181,0.93,34,51,-17,-0.57,2018,51,1.7,151,107,70.2,8,4,18,6,20.0,8,6,1,1,14.3
Al-Raed,28,27.5,30,330,2700,30.0,38,24,32,6,7,51,4,1.27,0.8,2.07,1.07,1.87,89,21,173,1.27,38,48,-10,-0.33,2018,46,1.53,142,99,69.7,10,8,12,8,26.7,3,3,0,0,0.0
Al-Shabab,31,28.0,30,330,2700,30.0,39,29,36,3,4,65,5,1.3,0.97,2.27,1.2,2.17,87,20,171,1.8,39,25,14,0.47,2018,26,0.87,120,98,81.7,15,9,6,11,36.7,5,4,0,1,0.0
Al-Taawoun,27,29.2,30,330,2700,30.0,59,41,50,9,13,66,3,1.97,1.37,3.33,1.67,3.03,87,15,177,1.87,61,31,30,1.0,2018,32,1.07,101,72,71.3,16,8,6,10,33.3,3,3,0,0,0.0
Al-Wehda,28,27.1,30,330,2700,30.0,40,29,36,4,6,52,1,1.33,0.97,2.3,1.2,2.17,89,20,175,1.4,41,41,0,0.0,2018,38,1.27,130,96,73.8,12,6,12,6,20.0,5,4,0,1,0.0
Ohod,42,28.5,30,330,2700,30.0,24,13,20,4,5,68,5,0.8,0.43,1.23,0.67,1.1,86,26,169,0.7,25,62,-37,-1.23,2018,64,2.13,153,99,64.1,5,6,19,6,20.0,12,9,1,2,10.0
Al-Ahli,32,27.6,26,286,2340,26.0,58,42,51,7,7,54,1,2.23,1.62,3.85,1.96,3.58,75,19,127,2.12,59,26,33,1.27,2017,26,1.0,0,0,,16,7,3,9,34.6,6,2,1,3,33.3
Al-Batin,31,27.6,26,286,2340,26.0,34,25,32,2,4,58,0,1.31,0.96,2.27,1.23,2.19,76,16,123,1.19,35,46,-11,-0.42,2017,45,1.73,0,0,,8,7,11,5,19.2,8,6,2,0,25.0
Al-Ettifaq,37,25.0,26,286,2340,26.0,35,25,32,3,4,61,2,1.35,0.96,2.31,1.23,2.19,73,19,131,1.38,37,46,-9,-0.35,2017,43,1.65,0,0,,10,6,10,3,11.5,3,3,0,0,0.0
Al-Faisaly,26,27.5,26,286,2340,26.0,37,28,34,3,5,54,2,1.42,1.08,2.5,1.31,2.38,72,17,124,1.35,39,33,6,0.23,2017,31,1.19,0,0,,9,8,9,6,23.1,6,5,1,0,16.7
Al-Fateh,28,26.6,26,286,2340,26.0,31,19,28,3,6,51,3,1.19,0.73,1.92,1.08,1.81,72,20,125,1.38,34,39,-5,-0.19,2017,35,1.35,0,0,,9,9,8,9,34.6,5,3,1,1,25.0
Al-Fayha,32,28.1,26,286,2340,26.0,35,23,33,2,5,59,1,1.35,0.88,2.23,1.27,2.15,69,18,129,1.31,36,40,-4,-0.15,2017,39,1.5,0,0,,8,10,8,6,23.1,5,5,0,0,0.0
Al-Hilal,33,27.2,26,286,2340,26.0,47,35,41,6,9,43,0,1.81,1.35,3.15,1.58,2.92,77,23,123,2.15,47,23,24,0.92,2017,22,0.85,0,0,,16,8,2,8,30.8,4,3,1,0,25.0
Al-Ittihad,29,26.2,26,286,2340,26.0,32,25,29,3,5,51,1,1.23,0.96,2.19,1.12,2.08,65,21,132,1.27,34,41,-7,-0.27,2017,38,1.46,0,0,,8,9,9,5,19.2,5,2,2,1,50.0
Al-Nassr,35,28.1,26,286,2340,26.0,47,27,39,8,8,50,1,1.81,1.04,2.85,1.5,2.54,76,22,119,1.69,47,34,13,0.5,2017,33,1.27,0,0,,12,8,6,5,19.2,2,1,0,1,0.0
Al-Qadsiah,34,25.1,26,286,2340,26.0,28,20,24,4,4,46,0,1.08,0.77,1.85,0.92,1.69,72,21,132,0.96,28,41,-13,-0.5,2017,39,1.5,0,0,,6,7,13,4,15.4,10,7,2,1,22.2
Al-Raed,32,27.5,26,286,2340,26.0,42,33,38,4,4,47,2,1.62,1.27,2.88,1.46,2.73,77,21,125,0.92,43,53,-10,-0.38,2017,52,2.0,0,0,,5,9,12,2,7.7,8,8,0,0,0.0
Al-Shabab,35,26.5,26,286,2340,26.0,35,26,34,1,2,54,1,1.35,1.0,2.35,1.31,2.31,72,21,119,1.19,36,36,0,0.0,2017,34,1.31,0,0,,8,7,11,5,19.2,4,3,1,0,25.0
Al-Taawoun,28,28.4,26,286,2340,26.0,42,25,36,6,7,50,1,1.62,0.96,2.58,1.38,2.35,78,19,124,1.31,43,36,7,0.27,2017,33,1.27,0,0,,9,7,10,6,23.1,4,1,1,2,50.0
Ohod,31,26.8,26,286,2340,26.0,22,14,18,4,4,58,2,0.85,0.54,1.38,0.69,1.23,75,20,121,0.69,24,48,-24,-0.92,2017,47,1.81,0,0,,4,6,16,3,11.5,7,7,0,0,0.0
Al-Ahli,28,27.4,26,286,2340,26.0,54,34,49,5,6,39,1,2.08,1.31,3.38,1.88,3.19,76,18,106,2.12,57,30,27,1.04,2016,0,0.0,0,0,,17,4,5,7,26.9,7,4,1,2,20.0
Al-Batin,33,27.3,26,286,2340,26.0,31,20,27,4,7,38,0,1.19,0.77,1.96,1.04,1.81,75,21,106,1.0,31,43,-12,-0.46,2016,0,0.0,0,0,,6,8,12,6,23.1,4,3,0,1,0.0
Al-Ettifaq,33,25.3,26,286,2340,26.0,29,15,27,2,3,39,1,1.12,0.58,1.69,1.04,1.62,76,23,106,1.04,31,45,-14,-0.54,2016,0,0.0,0,0,,7,6,13,3,11.5,4,3,0,1,0.0
Al-Faisaly,33,28.1,26,286,2340,26.0,30,18,28,2,3,56,1,1.15,0.69,1.85,1.08,1.77,74,19,108,1.08,30,41,-11,-0.42,2016,0,0.0,0,0,,6,10,10,6,23.1,4,3,0,1,0.0
Al-Fateh,29,27.9,26,286,2340,26.0,33,18,29,4,5,49,2,1.27,0.69,1.96,1.12,1.81,75,20,106,1.12,33,39,-6,-0.23,2016,0,0.0,0,0,,7,8,11,4,15.4,7,5,0,2,0.0
Al-Hilal,31,26.7,26,286,2340,26.0,61,40,56,5,8,26,1,2.35,1.54,3.88,2.15,3.69,77,20,104,2.54,63,16,47,1.81,2016,0,0.0,0,0,,21,3,2,13,50.0,2,0,2,0,100.0
Al-Ittihad,32,26.0,26,286,2340,26.0,56,35,53,3,3,44,3,2.15,1.35,3.5,2.04,3.38,72,17,109,2.0,57,37,20,0.77,2016,0,0.0,0,0,,17,4,5,6,23.1,8,6,0,2,0.0
Al-Khaleej,31,25.2,26,286,2340,26.0,31,20,27,4,4,54,5,1.19,0.77,1.96,1.04,1.81,77,18,105,0.88,32,51,-19,-0.73,2016,0,0.0,0,0,,5,8,13,3,11.5,8,5,0,3,0.0
Al-Nassr,27,27.6,26,286,2340,26.0,42,29,38,4,8,44,0,1.62,1.12,2.73,1.46,2.58,78,23,104,2.0,44,25,19,0.73,2016,0,0.0,0,0,,16,4,6,11,42.3,2,2,0,0,0.0
Al-Qadsiah,28,24.1,26,286,2340,26.0,38,25,33,5,6,57,4,1.46,0.96,2.42,1.27,2.23,74,23,106,1.08,38,38,0,0.0,2016,0,0.0,0,0,,6,10,10,3,11.5,6,4,1,1,20.0
Al-Raed,32,26.5,26,286,2340,26.0,37,25,32,5,5,59,3,1.42,0.96,2.38,1.23,2.19,76,17,105,1.35,37,47,-10,-0.38,2016,0,0.0,0,0,,11,2,13,3,11.5,5,4,0,1,0.0
Al-Shabab,33,26.7,26,286,2340,26.0,27,17,23,4,5,49,0,1.04,0.65,1.69,0.88,1.54,68,19,112,1.27,28,32,-4,-0.15,2016,0,0.0,0,0,,8,9,9,6,23.1,7,5,0,2,0.0
Al-Taawoun,29,27.8,26,286,2340,26.0,31,22,28,3,7,48,2,1.19,0.85,2.04,1.08,1.92,75,22,106,1.19,33,40,-7,-0.27,2016,0,0.0,0,0,,9,4,13,8,30.8,7,5,1,1,16.7
Al-Wehda,36,26.5,26,286,2340,26.0,35,20,30,5,7,56,5,1.35,0.77,2.12,1.15,1.92,77,20,103,0.65,35,65,-30,-1.15,2016,0,0.0,0,0,,5,2,19,1,3.8,6,6,0,0,0.0
Al-Ahli,26,27.5,26,286,2340,26.0,55,33,46,9,12,31,1,2.12,1.27,3.38,1.77,3.04,69,19,113,2.42,55,21,34,1.31,2015,0,0.0,0,0,,19,6,1,11,42.3,4,3,0,1,0.0
Al-Faisaly,31,27.8,26,286,2340,26.0,27,8,19,8,9,39,3,1.04,0.31,1.35,0.73,1.04,73,14,109,1.12,28,37,-9,-0.35,2015,0,0.0,0,0,,7,8,11,7,26.9,5,4,1,0,20.0
Al-Fateh,25,27.5,26,286,2340,26.0,35,16,33,2,4,59,3,1.35,0.62,1.96,1.27,1.88,77,16,105,1.58,35,28,7,0.27,2015,0,0.0,0,0,,11,8,7,8,30.8,2,2,0,0,0.0
Al-Hilal,30,27.5,26,286,2340,26.0,52,29,50,2,4,33,1,2.0,1.12,3.12,1.92,3.04,77,21,105,2.12,52,23,29,1.12,2015,0,0.0,0,0,,17,4,5,12,46.2,2,2,0,0,0.0
Al-Ittihad,30,25.3,26,286,2340,26.0,52,24,47,5,9,57,3,2.0,0.92,2.92,1.81,2.73,74,23,103,1.88,54,37,17,0.65,2015,0,0.0,0,0,,15,4,7,7,26.9,3,1,1,1,50.0
Al-Khaleej,24,24.9,26,286,2340,26.0,25,13,22,3,6,60,3,0.96,0.5,1.46,0.85,1.35,74,20,106,1.27,27,43,-16,-0.62,2015,0,0.0,0,0,,8,9,9,6,23.1,6,4,1,1,20.0
Al-Nassr,33,28.0,26,286,2340,26.0,39,25,34,5,5,46,0,1.5,0.96,2.46,1.31,2.27,77,23,102,1.23,39,33,6,0.23,2015,0,0.0,0,0,,7,11,8,9,34.6,5,3,1,1,25.0
Al-Qadsiah,32,23.7,26,286,2340,26.0,24,13,22,2,2,48,3,0.92,0.5,1.42,0.85,1.35,72,22,109,1.08,26,32,-6,-0.23,2015,0,0.0,0,0,,6,10,10,7,26.9,4,1,2,1,66.7
Al-Raed,31,26.5,26,286,2340,26.0,29,15,27,2,4,50,0,1.12,0.58,1.69,1.04,1.62,76,24,106,0.92,30,45,-15,-0.58,2015,0,0.0,0,0,,6,6,14,4,15.4,7,7,0,0,0.0
Al-Shabab,29,27.1,26,286,2340,26.0,26,14,25,1,1,37,2,1.0,0.54,1.54,0.96,1.5,76,20,106,1.5,27,28,-1,-0.04,2015,0,0.0,0,0,,11,6,9,8,30.8,3,2,1,0,33.3
Al-Taawoun,27,28.8,26,286,2340,26.0,54,34,53,1,3,40,6,2.08,1.31,3.38,2.04,3.35,77,16,104,1.73,54,35,19,0.73,2015,0,0.0,0,0,,13,6,7,6,23.1,6,3,3,0,50.0
Al-Wehda,39,26.1,26,286,2340,26.0,29,20,28,1,2,53,2,1.12,0.77,1.88,1.08,1.85,77,20,105,1.19,30,37,-7,-0.27,2015,0,0.0,0,0,,8,7,11,4,15.4,4,2,2,0,50.0
Hajer,34,25.4,26,286,2340,26.0,15,7,14,1,2,51,2,0.58,0.27,0.85,0.54,0.81,74,23,107,0.35,15,56,-41,-1.58,2015,0,0.0,0,0,,2,3,21,3,11.5,7,5,2,0,28.6
Najran,34,26.8,26,286,2340,26.0,36,20,34,2,3,55,7,1.38,0.77,2.15,1.31,2.08,71,22,110,0.81,36,53,-17,-0.65,2015,0,0.0,0,0,,5,6,15,1,3.8,7,5,2,0,28.6
Al-Ahli,30,26.4,26,286,2340,26.0,58,23,51,7,8,41,1,2.23,0.88,3.12,1.96,2.85,72,20,110,2.31,59,22,37,1.42,2014,0,0.0,0,0,,17,9,0,9,34.6,2,2,0,0,0.0
Al-Faisaly,27,26.5,26,286,2340,26.0,31,16,28,3,5,52,5,1.19,0.62,1.81,1.08,1.69,75,20,104,1.15,31,42,-11,-0.42,2014,0,0.0,0,0,,8,6,12,8,30.8,3,3,0,0,0.0
Al-Fateh,27,28.1,26,286,2340,26.0,34,12,30,4,4,53,3,1.31,0.46,1.77,1.15,1.62,74,19,107,1.27,35,43,-8,-0.31,2014,0,0.0,0,0,,9,6,11,4,15.4,10,4,0,6,0.0
Al-Hilal,29,27.0,26,286,2340,26.0,43,14,40,3,4,47,4,1.65,0.54,2.19,1.54,2.08,72,23,108,2.08,46,17,29,1.12,2014,0,0.0,0,0,,16,6,4,10,38.5,4,4,0,0,0.0
Al-Ittihad,34,24.8,26,286,2340,26.0,43,13,38,5,7,48,3,1.65,0.5,2.15,1.46,1.96,77,19,104,2.0,44,33,11,0.42,2014,0,0.0,0,0,,16,4,6,7,26.9,7,6,0,1,0.0
Al-Khaleej,29,25.6,26,286,2340,26.0,34,14,29,5,5,59,2,1.31,0.54,1.85,1.12,1.65,75,18,107,1.12,35,41,-6,-0.23,2014,0,0.0,0,0,,7,8,11,3,11.5,5,4,0,1,0.0
Al-Nassr,28,27.8,26,286,2340,26.0,60,26,53,7,8,36,4,2.31,1.0,3.31,2.04,3.04,74,23,108,2.46,62,20,42,1.62,2014,0,0.0,0,0,,20,4,2,12,46.2,6,6,0,0,0.0
Al-Orobah,33,25.8,26,286,2340,26.0,21,8,19,2,2,50,1,0.81,0.31,1.12,0.73,1.04,71,19,110,0.65,21,43,-22,-0.85,2014,0,0.0,0,0,,4,5,17,4,15.4,5,4,0,1,0.0
Al-Raed,29,25.6,26,286,2340,26.0,33,9,24,9,10,50,2,1.27,0.35,1.62,0.92,1.27,75,22,106,1.0,33,45,-12,-0.46,2014,0,0.0,0,0,,7,5,14,3,11.5,7,6,0,1,0.0
Al-Shabab,34,27.6,26,286,2340,26.0,37,14,32,5,5,44,6,1.42,0.54,1.96,1.23,1.77,74,21,109,1.54,37,31,6,0.23,2014,0,0.0,0,0,,11,7,8,10,38.5,2,2,0,0,0.0
Al-Shoulla,33,26.7,26,286,2340,26.0,26,12,22,4,7,49,4,1.0,0.46,1.46,0.85,1.31,74,24,105,0.81,26,48,-22,-0.85,2014,0,0.0,0,0,,5,6,15,4,15.4,4,4,0,0,0.0
Al-Taawoun,29,26.9,26,286,2340,26.0,39,18,34,5,5,56,2,1.5,0.69,2.19,1.31,2.0,77,23,104,1.08,42,46,-4,-0.15,2014,0,0.0,0,0,,7,7,12,5,19.2,5,4,0,1,0.0
Hajer,30,26.1,26,286,2340,26.0,29,11,25,4,4,57,2,1.12,0.42,1.54,0.96,1.38,76,21,103,1.08,29,56,-27,-1.04,2014,0,0.0,0,0,,8,4,14,3,11.5,7,7,0,0,0.0
Najran,33,26.3,26,286,2340,26.0,27,10,26,1,1,63,3,1.04,0.38,1.42,1.0,1.38,73,18,105,0.92,28,41,-13,-0.5,2014,0,0.0,0,0,,7,3,16,6,23.1,8,8,0,0,0.0
