Rk,Player,Nation,Pos,Squad,Age,Born,MP,Starts,Min,90s,GA,GA90,SoTA,Saves,Save%,W,D,L,CS,CS%,PKatt,PKA,PKsv,PKm,Save%,year,-9999
1,Waleed Abdullah,sa KSA,GK,Al-Nassr,35,1986,20,19,1649,18.3,20,1.09,52,37,71.2,13,1,5,6,31.6,6,5,0,1,0.0,2021,aec6d2a5
2,Nawaf Al Aqidi,sa KSA,GK,Al-Ta'ee,21,2000,7,7,630,7.0,5,0.71,25,20,80.0,5,1,1,3,42.9,0,0,0,0,,2021,70f3a9d1
3,Nawaf Al Aqidi,sa KSA,GK,Al-Nassr,21,2000,3,3,270,3.0,4,1.33,8,5,62.5,1,1,1,0,0.0,1,1,0,0,0.0,2021,70f3a9d1
4,Malik Asselah,dz ALG,GK,Al-Hazem,35,1986,8,8,720,8.0,4,0.50,16,16,81.3,1,3,4,3,37.5,4,1,3,0,75.0,2021,9e23b6c3
5,Muataz Al Bagawi,sa KSA,GK,Al-Taawoun,23,1998,1,1,90,1.0,3,3.00,6,3,50.0,0,0,1,0,0.0,0,0,0,0,,2021,d8eff89c
6,Basil Al Bahrani,sa KSA,GK,Al-Fateh,26,1995,2,2,180,2.0,4,2.00,14,12,85.7,0,0,2,0,0.0,2,2,0,0,0.0,2021,1b08d7ff
7,Zaid Al Bawardi,sa KSA,GK,Al-Shabab,24,1997,1,1,90,1.0,0,0.00,3,3,100.0,0,1,0,1,100.0,0,0,0,0,,2021,ae82309a
8,Ameen Bokhari,sa KSA,GK,Al-Nassr,24,1997,10,8,781,8.7,12,1.38,35,25,71.4,5,2,1,3,37.5,2,2,0,0,0.0,2021,32a9aac0
9,Martín Campaña,uy URU,GK,Al-Batin,32,1989,29,29,2610,29.0,38,1.31,120,87,72.5,8,9,12,8,27.6,5,5,0,0,0.0,2021,a0f2f044
10,Cássio,pt POR,GK,Al-Taawoun,40,1980,29,29,2610,29.0,45,1.55,113,75,66.4,7,13,9,5,17.2,8,7,0,1,0.0,2021,5d3888a5
11,Waleed Al-Enezi,sa KSA,GK,Al-Fateh,25,1996,1,0,11,0.1,1,8.18,2,1,50.0,0,0,0,0,,0,0,0,0,,2021,32f4687b
12,Mazyad Freeh,sa KSA,GK,Al-Batin,32,1989,1,1,90,1.0,3,3.00,9,6,66.7,0,0,1,0,0.0,0,0,0,0,,2021,71dc1d1b
13,Moslem Al Freej,sa KSA,GK,Al-Fayha,33,1988,1,1,90,1.0,3,3.00,5,2,40.0,0,0,1,0,0.0,0,0,0,0,,2021,3d438767
14,Marcelo Grohe,br BRA,GK,Al-Ittihad,34,1987,28,28,2474,27.5,25,0.91,90,68,74.4,18,5,5,12,42.9,3,2,1,0,33.3,2021,69c26681
15,Marwan Al Haidari,sa KSA,GK,Al-Shabab,25,1996,1,1,90,1.0,2,2.00,3,2,66.7,0,0,1,0,0.0,1,1,0,0,0.0,2021,ad78b3d4
16,Iago Herrerín,es ESP,GK,Al-Raed,33,1988,13,13,1170,13.0,24,1.85,56,35,60.7,3,3,7,2,15.4,3,2,1,0,33.3,2021,9109185e
17,Mansor Joher,sa KSA,GK,Abha,26,1995,1,0,45,0.5,0,0.00,1,1,100.0,0,0,0,0,,0,0,0,0,,2021,2d60c725
18,Ahmed Al-Kassar,sa KSA,GK,Al-Faisaly,30,1991,16,15,1399,15.5,23,1.48,64,45,68.8,2,7,6,3,20.0,4,3,1,0,25.0,2021,eedb42fd
19,Maksym Koval,ua UKR,GK,Al-Fateh,28,1992,28,28,2509,27.9,36,1.29,82,52,59.8,9,8,11,9,32.1,8,3,5,0,62.5,2021,60713cb3
20,Martin Lukov,bg BUL,GK,Al-Ta'ee,28,1993,18,18,1585,17.6,28,1.59,74,47,63.5,6,1,11,3,16.7,1,1,0,0,0.0,2021,83cae50c
21,Raïs M'Bolhi,dz ALG,GK,Al-Ettifaq,35,1986,27,27,2430,27.0,43,1.59,116,79,68.1,8,8,11,7,25.9,6,6,0,0,0.0,2021,c121a641
22,Mohammed Al-Mahasneh,sa KSA,GK,Damac,,,5,5,450,5.0,6,1.20,20,16,80.0,2,1,2,1,20.0,2,2,0,0,0.0,2021,200b66cd
23,Mustafa Malayekah,sa KSA,GK,Al-Faisaly,35,1986,16,15,1299,14.4,14,0.97,52,39,76.9,5,5,5,7,46.7,2,2,0,0,0.0,2021,86c45703
24,Abdullah Al-Mayouf,sa KSA,GK,Al-Hilal,34,1987,29,29,2610,29.0,28,0.97,85,64,75.3,19,7,3,11,37.9,7,7,0,0,0.0,2021,c3c96222
25,Abdelali Mhamdi,ma MAR,GK,Abha,29,1991,24,24,2123,23.6,33,1.40,103,74,71.8,7,8,9,7,29.2,4,4,0,0,0.0,2021,29b3f0d1
26,Yasser Al Mosailem,sa KSA,GK,Al-Ahli,37,1984,4,3,315,3.5,5,1.43,10,5,50.0,1,1,1,2,66.7,0,0,0,0,,2021,6869a0aa
27,Rakan Najjar,sa KSA,GK,Al-Ittihad,26,1995,3,2,226,2.5,4,1.59,9,5,55.6,2,0,0,0,0.0,0,0,0,0,,2021,1102da02
28,Bader Nawaf,sa KSA,GK,Al-Ta'ee,22,1999,6,5,485,5.4,12,2.23,23,13,56.5,0,2,3,0,0.0,2,2,0,0,0.0,2021,9eb064ae
29,Mohammed Al-Owais,sa KSA,GK,Al-Hilal,29,1991,1,1,90,1.0,0,0.00,1,1,100.0,1,0,0,1,100.0,0,0,0,0,,2021,f2c060c6
30,Mohammed Al-Owais,sa KSA,GK,Al-Ahli,29,1991,9,9,810,9.0,15,1.67,45,30,66.7,0,5,4,0,0.0,0,0,0,0,,2021,f2c060c6
31,Abdullah Al-Owaishir,sa KSA,GK,Al-Ettifaq,30,1991,3,3,270,3.0,4,1.33,11,7,63.6,0,2,1,1,33.3,0,0,0,0,,2021,6a1fe279
32,Fawaz Al-Qarni,sa KSA,GK,Al-Shabab,29,1992,27,27,2385,26.5,34,1.28,111,84,74.8,14,9,4,9,33.3,7,6,1,0,14.3,2021,5e08e9d2
33,Ahmed Al-Rehaili,sa KSA,GK,Al-Raed,26,1994,17,17,1530,17.0,21,1.24,55,37,67.3,7,3,7,6,35.3,4,3,0,1,0.0,2021,cd9753ac
34,Dawod Al Saeed,sa KSA,GK,Al-Hazem,30,1991,8,8,720,8.0,15,1.87,29,15,51.7,1,2,5,1,12.5,2,1,0,1,0.0,2021,5e4fe378
35,Hussain Shae'an,sa KSA,GK,Al-Shabab,32,1989,2,1,135,1.5,0,0.00,4,4,100.0,1,0,0,1,100.0,0,0,0,0,,2021,4049ea16
36,Abdullah Al-Shammeri,sa KSA,GK,Abha,29,1991,7,6,532,5.9,10,1.69,24,15,62.5,2,0,4,1,16.7,1,1,0,0,0.0,2021,dcee5a82
37,Vladimir Stojković,rs SRB,GK,Al-Fayha,38,1983,29,29,2610,29.0,21,0.72,112,94,83.0,8,11,10,13,44.8,4,2,2,0,50.0,2021,c089980e
38,Mohammed Al Yami,sa KSA,GK,Al-Ahli,23,1997,18,18,1575,17.5,23,1.31,69,50,72.5,5,8,5,4,22.2,4,4,0,0,0.0,2021,0bb0f7c6
39,Ibrahim Zaied,sa KSA,GK,Al-Hazem,31,1990,14,14,1260,14.0,29,2.07,60,35,53.3,2,0,12,1,7.1,4,1,3,0,75.0,2021,087c8b82
40,Moustapha Zeghba,dz ALG,GK,Damac,30,1990,25,25,2250,25.0,38,1.52,132,102,74.2,10,7,8,8,32.0,8,4,4,0,50.0,2021,83054751
1,Waleed Abdullah,sa KSA,GK,Al-Nassr,34,1986,6,6,540,6.0,8,1.33,20,13,65.0,4,1,1,2,33.3,1,1,0,0,0.0,2020,aec6d2a5
2,Mohammed Ahmed Alhaeti,sa KSA,GK,Al-Ettifaq,,,12,12,1080,12.0,22,1.83,57,38,66.7,4,1,7,1,8.3,3,3,0,0,0.0,2020,cd36d655
3,Giedrius Arlauskis,lt LTU,GK,Al-Shabab,32,1987,8,8,720,8.0,8,1.00,25,18,76.0,4,3,1,1,12.5,2,2,0,0,0.0,2020,1858bbf7
4,Basil Al Bahrani,sa KSA,GK,Al-Fateh,25,1995,1,1,90,1.0,2,2.00,5,3,60.0,1,0,0,0,0.0,0,0,0,0,,2020,1b08d7ff
5,Zaid Al Bawardi,sa KSA,GK,Al-Shabab,23,1997,22,22,1980,22.0,33,1.50,107,77,72.0,13,3,6,5,22.7,4,3,1,0,25.0,2020,ae82309a
6,Ameen Bokhari,sa KSA,GK,Al-Ain,23,1997,21,21,1774,19.7,41,2.08,86,54,59.3,5,5,11,5,23.8,10,6,4,0,40.0,2020,32a9aac0
7,Martín Campaña,uy URU,GK,Al-Batin,31,1989,27,27,2428,27.0,48,1.78,145,106,72.4,9,9,9,3,11.1,10,8,1,1,11.1,2020,a0f2f044
8,Cássio,pt POR,GK,Al-Taawoun,39,1980,28,28,2520,28.0,28,1.00,112,91,81.3,13,7,8,11,39.3,9,7,1,1,12.5,2020,5d3888a5
9,Azzedine Doukha,dz ALG,GK,Al-Raed,33,1986,25,25,2250,25.0,35,1.40,90,56,63.3,7,6,12,7,28.0,3,2,0,1,0.0,2020,1b7f3530
10,Mazyad Freeh,sa KSA,GK,Al-Batin,31,1989,4,3,272,3.0,7,2.32,22,16,72.7,0,0,3,1,33.3,1,1,0,0,0.0,2020,71dc1d1b
11,Marcelo Grohe,br BRA,GK,Al-Ittihad,33,1987,29,29,2610,29.0,29,1.00,123,103,82.1,15,10,4,6,20.7,10,7,2,1,22.2,2020,69c26681
12,Abdullah Al Jadani,sa KSA,GK,Al-Hilal,28,1991,3,3,270,3.0,2,0.67,8,6,75.0,2,0,1,2,66.7,0,0,0,0,,2020,d0e20c59
13,Brad Jones,au AUS,GK,Al-Nassr,38,1982,24,24,2160,24.0,32,1.33,76,51,65.8,9,6,9,5,20.8,8,6,1,1,14.3,2020,ffc1c226
14,Ahmed Al-Kassar,sa KSA,GK,Al-Faisaly,29,1991,3,3,270,3.0,4,1.33,14,10,71.4,1,1,1,1,33.3,0,0,0,0,,2020,eedb42fd
15,Maksym Koval,ua UKR,GK,Al-Fateh,27,1992,29,29,2610,29.0,54,1.86,126,78,61.1,11,6,12,4,13.8,7,5,1,1,16.7,2020,60713cb3
16,Raïs M'Bolhi,dz ALG,GK,Al-Ettifaq,34,1986,18,18,1620,18.0,26,1.44,52,36,67.3,10,4,4,3,16.7,11,9,1,1,10.0,2020,c121a641
17,Mustafa Malayekah,sa KSA,GK,Al-Faisaly,34,1986,27,27,2430,27.0,43,1.59,100,66,63.0,8,8,11,4,14.8,9,6,3,0,33.3,2020,86c45703
18,Faisel Masrahi,sa KSA,GK,Al-Qadsiah,27,1993,28,28,2475,27.5,40,1.45,128,94,71.9,8,11,9,3,10.7,7,4,2,1,33.3,2020,4bd0d221
19,Abdullah Al-Mayouf,sa KSA,GK,Al-Hilal,33,1987,19,19,1710,19.0,18,0.95,64,54,81.3,12,4,3,7,36.8,8,6,2,0,25.0,2020,c3c96222
20,Abdelali Mhamdi,ma MAR,GK,Abha,28,1991,30,30,2700,30.0,50,1.67,162,118,72.2,10,6,14,4,13.3,7,5,1,1,16.7,2020,29b3f0d1
21,Yasser Al Mosailem,sa KSA,GK,Al-Ahli,36,1984,4,3,287,3.2,5,1.57,16,12,75.0,2,0,1,2,66.7,1,1,0,0,0.0,2020,6869a0aa
22,Raghid Najjar,sa KSA,GK,Al-Wehda,23,1996,3,3,270,3.0,5,1.67,15,11,73.3,1,0,2,0,0.0,1,1,0,0,0.0,2020,5acf5ee8
23,Saleh Al Ohaymid,sa KSA,GK,Al-Ain,22,1998,4,2,255,2.8,5,1.76,6,3,50.0,0,0,2,1,50.0,2,2,0,0,0.0,2020,9f394f49
24,Mohammed Al-Owais,sa KSA,GK,Al-Ahli,28,1991,20,20,1800,20.0,44,2.20,102,70,67.6,6,4,10,1,5.0,12,11,1,0,8.3,2020,f2c060c6
25,Abdullah Al-Owaishir,sa KSA,GK,Al-Wehda,29,1991,27,27,2430,27.0,56,2.07,136,89,65.4,8,5,14,3,11.1,10,9,0,1,0.0,2020,6a1fe279
26,Fawaz Al-Qarni,sa KSA,GK,Al-Ittihad,28,1992,1,1,90,1.0,0,0.00,1,1,100.0,0,1,0,1,100.0,0,0,0,0,,2020,5e08e9d2
27,Ahmed Al-Rehaili,sa KSA,GK,Al-Raed,25,1994,5,5,450,5.0,10,2.00,14,9,57.1,3,0,2,0,0.0,5,4,1,0,20.0,2020,cd9753ac
28,Hussain Shae'an,sa KSA,GK,Al-Taawoun,31,1989,2,2,180,2.0,2,1.00,8,7,87.5,0,1,1,0,0.0,1,1,0,0,0.0,2020,4049ea16
29,Mohammed Al Shammari,sa KSA,GK,Al-Ain,28,1991,8,7,671,7.5,18,2.41,46,31,65.2,0,0,7,1,14.3,3,2,1,0,33.3,2020,964d1bc6
30,Khalid Sharahili,sa KSA,GK,Damac,33,1987,8,8,720,8.0,13,1.62,30,18,60.0,2,2,4,2,25.0,1,1,0,0,0.0,2020,a890a99e
31,Mohammed Al-Waked,sa KSA,GK,Al-Qadsiah,28,1992,3,2,225,2.5,6,2.40,6,2,33.3,0,0,2,0,0.0,2,2,0,0,0.0,2020,be401296
32,Habib Al Watyan,sa KSA,GK,Al-Hilal,23,1996,8,8,720,8.0,7,0.87,26,20,76.9,4,3,1,2,25.0,1,1,0,0,0.0,2020,e1e3c6a1
33,Mohammed Al Yami,sa KSA,GK,Al-Ahli,22,1997,7,7,613,6.8,7,1.03,33,27,81.8,3,2,2,4,57.1,1,1,0,0,0.0,2020,0bb0f7c6
34,Moustapha Zeghba,dz ALG,GK,Damac,29,1990,22,22,1980,22.0,33,1.50,100,70,70.0,7,7,8,4,18.2,4,3,1,0,25.0,2020,83054751
1,Mohammed Ahmed Alhaeti,sa KSA,GK,Al-Ettifaq,,,2,2,180,2.0,1,0.50,3,2,66.7,1,1,0,1,50.0,0,0,0,0,,2019,cd36d655
2,Malik Asselah,dz ALG,GK,Al-Hazem,33,1986,29,29,2610,29.0,60,2.07,150,101,66.7,7,6,16,4,13.8,11,10,1,0,9.1,2019,9e23b6c3
3,Abdulquddus Atiah,sa KSA,GK,Al-Wehda,22,1997,1,1,90,1.0,3,3.00,6,3,50.0,0,0,1,0,0.0,0,0,0,0,,2019,94892f17
4,Basim Al Baqi,sa KSA,GK,Al-Ahli,29,1989,1,1,90,1.0,1,1.00,3,3,66.7,0,1,0,0,0.0,1,0,1,0,100.0,2019,407eaed7
5,Zaid Al Bawardi,sa KSA,GK,Al-Nassr,22,1997,2,1,113,1.3,1,0.80,4,3,75.0,0,1,0,0,0.0,0,0,0,0,,2019,ae82309a
6,Farouk Ben Mustapha,tn TUN,GK,Al-Shabab,30,1989,25,25,2191,24.3,32,1.31,93,68,72.0,11,4,10,10,40.0,7,6,1,0,14.3,2019,7b3c3cdf
7,Cássio,pt POR,GK,Al-Taawoun,38,1980,29,29,2610,29.0,38,1.31,130,94,72.3,10,5,14,6,20.7,2,2,0,0,0.0,2019,5d3888a5
8,Azzedine Doukha,dz ALG,GK,Al-Raed,32,1986,29,29,2610,29.0,50,1.72,126,89,67.5,12,7,10,6,20.7,13,9,4,0,30.8,2019,1b7f3530
9,Moslem Al Freej,sa KSA,GK,Al-Fayha,31,1988,14,14,1260,14.0,19,1.36,56,42,75.0,4,4,6,3,21.4,5,5,0,0,0.0,2019,3d438767
10,Marcelo Grohe,br BRA,GK,Al-Ittihad,32,1987,17,17,1530,17.0,18,1.06,57,42,71.9,5,7,5,3,17.6,4,2,1,1,33.3,2019,69c26681
11,Marwan Al Haidari,sa KSA,GK,Al-Shabab,23,1996,5,5,450,5.0,5,1.00,22,18,81.8,1,3,1,1,20.0,1,1,0,0,0.0,2019,ad78b3d4
12,Abdullah Al Jadani,sa KSA,GK,Al-Wehda,27,1991,18,18,1620,18.0,25,1.39,73,53,71.2,10,1,7,5,27.8,5,4,1,0,20.0,2019,d0e20c59
13,Brad Jones,au AUS,GK,Al-Nassr,37,1982,29,29,2584,28.7,26,0.91,81,58,71.6,19,6,4,12,41.4,3,3,0,0,0.0,2019,ffc1c226
14,Ahmed Al-Kassar,sa KSA,GK,Al-Faisaly,28,1991,3,3,180,2.0,4,2.00,5,3,60.0,0,1,1,0,0.0,2,2,0,0,0.0,2019,eedb42fd
15,Maksym Koval,ua UKR,GK,Al-Fateh,26,1992,18,18,1620,18.0,34,1.89,80,52,63.8,2,6,10,1,5.6,6,5,1,0,16.7,2019,60713cb3
16,Raïs M'Bolhi,dz ALG,GK,Al-Ettifaq,33,1986,28,28,2519,28.0,38,1.36,109,76,69.7,12,2,14,8,28.6,6,5,0,1,0.0,2019,c121a641
17,Mustafa Malayekah,sa KSA,GK,Al-Faisaly,33,1986,28,28,2520,28.0,32,1.14,100,72,71.0,14,5,9,8,28.6,5,3,1,1,25.0,2019,86c45703
18,Aymen Mathlouthi,tn TUN,GK,Al-Adalah,34,1984,10,10,874,9.7,17,1.75,47,32,66.0,2,3,5,1,10.0,2,1,1,0,50.0,2019,dd1abe1b
19,Abdullah Al-Mayouf,sa KSA,GK,Al-Hilal,32,1987,27,27,2430,27.0,24,0.89,86,65,75.6,19,6,2,9,33.3,5,3,1,1,25.0,2019,c3c96222
20,Ali Al-Mazidi,sa KSA,GK,Al-Adalah,33,1985,18,18,1620,18.0,40,2.22,95,57,58.9,2,6,10,3,16.7,4,1,1,2,50.0,2019,a75cacfd
21,Abdelali Mhamdi,ma MAR,GK,Abha,27,1991,30,30,2700,30.0,52,1.73,137,96,67.9,11,5,14,3,10.0,11,8,3,0,27.3,2019,29b3f0d1
22,Mohamed Al Moqahwi,sa KSA,GK,Al-Adalah,24,1995,3,2,206,2.3,5,2.18,12,8,66.7,0,0,2,0,0.0,2,1,0,1,0.0,2019,57106502
23,Yasser Al Mosailem,sa KSA,GK,Al-Ahli,35,1984,17,16,1431,15.9,22,1.38,71,51,71.8,6,2,8,1,6.3,2,2,0,0,0.0,2019,6869a0aa
24,Mohammed Al-Owais,sa KSA,GK,Al-Ahli,27,1991,13,13,1099,12.2,11,0.90,49,39,79.6,9,2,2,4,30.8,1,1,0,0,0.0,2019,f2c060c6
25,Abdullah Al-Owaishir,sa KSA,GK,Al-Shabab,28,1991,1,0,59,0.7,0,0.00,2,2,100.0,0,0,0,0,,0,0,0,0,,2019,6a1fe279
26,Assaf Al-Qarni,sa KSA,GK,Al-Ittihad,35,1984,1,1,90,1.0,1,1.00,4,3,75.0,0,0,1,0,0.0,0,0,0,0,,2019,71ea7c96
27,Fawaz Al-Qarni,sa KSA,GK,Al-Ittihad,27,1992,12,12,1080,12.0,22,1.83,55,35,63.6,4,1,7,0,0.0,2,2,0,0,0.0,2019,5e08e9d2
28,Chamseddine Rahmani,dz ALG,GK,Damac,28,1990,12,12,1080,12.0,27,2.25,58,35,60.3,2,1,9,0,0.0,4,4,0,0,0.0,2019,e441cac2
29,Ahmed Al-Rehaili,sa KSA,GK,Al-Raed,24,1994,2,2,90,1.0,0,0.00,5,5,100.0,1,0,0,1,50.0,0,0,0,0,,2019,cd9753ac
30,Dawod Al Saeed,sa KSA,GK,Al-Hazem,28,1991,1,1,90,1.0,1,1.00,6,5,83.3,0,0,1,0,0.0,0,0,0,0,,2019,5e4fe378
31,Hussain Shae'an,sa KSA,GK,Al-Taawoun,30,1989,1,1,90,1.0,2,2.00,5,3,60.0,0,0,1,0,0.0,0,0,0,0,,2019,4049ea16
32,Amer Shafi,jo JOR,GK,Al-Fayha,37,1982,16,16,1440,16.0,25,1.56,77,53,68.8,4,4,8,2,12.5,1,1,0,0,0.0,2019,daba9f12
33,Khalid Sharahili,sa KSA,GK,Damac,32,1987,2,2,180,2.0,3,1.50,8,6,75.0,1,0,1,1,50.0,1,1,0,0,0.0,2019,a890a99e
34,Mohammed Al-Waked,sa KSA,GK,Al-Hilal,27,1992,3,3,270,3.0,2,0.67,11,9,81.8,3,0,0,1,33.3,0,0,0,0,,2019,be401296
35,Habib Al Watyan,sa KSA,GK,Al-Fateh,22,1996,12,12,1080,12.0,15,1.25,40,31,77.5,6,3,3,4,33.3,6,6,0,0,0.0,2019,e1e3c6a1
36,Mohammed Al Yami,sa KSA,GK,Al-Ahli,21,1997,1,0,80,0.9,2,2.25,3,2,66.7,0,0,0,0,,1,1,0,0,0.0,2019,0bb0f7c6
37,Moustapha Zeghba,dz ALG,GK,Al-Wehda,28,1990,11,11,990,11.0,12,1.09,42,30,71.4,6,0,5,5,45.5,1,0,0,1,,2019,83054751
38,Moustapha Zeghba,dz ALG,GK,Damac,28,1990,16,16,1440,16.0,22,1.37,77,62,80.5,6,7,3,4,25.0,7,7,0,0,0.0,2019,83054751
1,Waleed Abdullah,sa KSA,GK,Al-Nassr,32,1986,7,6,545,6.1,7,1.16,25,19,76.0,5,1,0,2,33.3,1,1,0,0,0.0,2018,aec6d2a5
2,Mohammed Ahmed Alhaeti,sa KSA,GK,Al-Ettifaq,,,2,1,135,1.5,1,0.67,6,7,83.3,0,0,1,0,0.0,2,0,2,0,100.0,2018,cd36d655
3,Malik Asselah,dz ALG,GK,Al-Hazem,32,1986,30,30,2699,30.0,48,1.60,148,109,72.3,7,10,13,4,13.3,10,7,2,1,22.2,2018,9e23b6c3
4,Mohamed Awad,eg EGY,GK,Al-Wehda,26,1992,27,27,2394,26.6,31,1.17,109,81,74.3,12,4,11,6,22.2,4,3,0,1,0.0,2018,f8eac44d
5,Mohammed Awaji,sa KSA,GK,Al-Shabab,23,1994,2,2,180,2.0,1,0.50,14,14,100.0,2,0,0,1,50.0,1,1,0,0,0.0,2018,05280490
6,Abdullah Al Bahri,sa KSA,GK,Al-Ettifaq,23,1995,1,1,90,1.0,5,5.00,8,3,37.5,0,0,1,0,0.0,0,0,0,0,,2018,064c8835
7,Abdu Al Basisi,sa KSA,GK,Ohod,41,1977,3,2,249,2.8,9,3.25,20,12,60.0,0,0,2,0,0.0,1,1,0,0,0.0,2018,52a92714
8,Farouk Ben Mustapha,tn TUN,GK,Al-Shabab,29,1989,27,27,2430,27.0,21,0.78,97,79,81.4,13,9,5,10,37.0,4,3,0,1,0.0,2018,7b3c3cdf
9,Cristian Bonilla,co COL,GK,Al-Fayha,25,1993,15,15,1350,15.0,28,1.87,66,42,63.6,3,3,9,0,0.0,4,4,0,0,0.0,2018,d7f032a0
10,Cássio,pt POR,GK,Al-Taawoun,37,1980,29,29,2610,29.0,31,1.07,98,70,71.4,15,8,6,10,34.5,3,3,0,0,0.0,2018,5d3888a5
11,Azzedine Doukha,dz ALG,GK,Al-Raed,31,1986,29,29,2610,29.0,41,1.41,132,94,71.2,10,8,11,8,27.6,3,3,0,0,0.0,2018,1b7f3530
12,Jack Duncan,au AUS,GK,Al-Qadsiah,25,1993,29,29,2565,28.5,48,1.68,137,96,69.3,8,4,17,6,20.7,8,6,1,1,14.3,2018,99002f6f
13,Adriano Facchini,br BRA,GK,Al-Batin,35,1983,25,25,2232,24.8,40,1.61,118,82,69.5,6,3,16,7,28.0,4,4,0,0,0.0,2018,ceb48718
14,Moslem Al Freej,sa KSA,GK,Al-Fayha,30,1988,3,2,194,2.2,7,3.25,16,9,56.3,1,0,1,1,50.0,0,0,0,0,,2018,3d438767
15,Ali Al-Habsi,om OMA,GK,Al-Hilal,36,1981,21,21,1870,20.8,21,1.01,51,34,66.7,15,4,2,6,28.6,4,4,0,0,0.0,2018,032f766b
16,Abdullah Al Jadani,sa KSA,GK,Al-Wehda,26,1991,4,3,306,3.4,7,2.06,21,15,71.4,0,2,1,0,0.0,1,1,0,0,0.0,2018,d0e20c59
17,Brad Jones,au AUS,GK,Al-Nassr,36,1982,25,24,2110,23.4,18,0.77,63,48,76.2,17,3,4,11,45.8,4,3,0,1,0.0,2018,ffc1c226
18,Maksym Koval,ua UKR,GK,Al-Fateh,25,1992,29,29,2610,29.0,40,1.38,131,93,70.2,8,11,10,11,37.9,6,1,1,4,50.0,2018,60713cb3
19,Zouheir Laaroubi,ma MAR,GK,Ohod,34,1984,16,16,1371,15.2,32,2.10,65,40,60.0,1,3,12,2,12.5,7,6,1,0,14.3,2018,1d9a7213
20,Raïs M'Bolhi,dz ALG,GK,Al-Ettifaq,32,1986,22,22,1916,21.3,36,1.69,84,56,65.5,7,8,7,6,27.3,8,7,1,0,12.5,2018,c121a641
21,Mustafa Malayekah,sa KSA,GK,Al-Faisaly,32,1986,30,30,2700,30.0,47,1.57,131,90,68.7,12,7,11,7,23.3,6,6,0,0,0.0,2018,86c45703
22,Faisel Masrahi,sa KSA,GK,Al-Qadsiah,25,1993,2,1,135,1.5,3,2.00,14,11,78.6,0,0,1,0,0.0,0,0,0,0,,2018,4bd0d221
23,Abdullah Al-Mayouf,sa KSA,GK,Al-Hilal,31,1987,10,9,830,9.2,12,1.30,31,21,67.7,6,2,1,3,33.3,2,2,0,0,0.0,2018,c3c96222
24,Ali Al-Mazidi,sa KSA,GK,Al-Fateh,32,1985,1,1,90,1.0,4,4.00,4,0,0.0,0,0,1,0,0.0,0,0,0,0,,2018,a75cacfd
25,Yasser Al Mosailem,sa KSA,GK,Al-Ahli,34,1984,4,4,360,4.0,9,2.25,21,13,61.9,2,0,2,0,0.0,1,1,0,0,0.0,2018,6869a0aa
26,Rakan Najjar,sa KSA,GK,Al-Ittihad,23,1995,1,1,90,1.0,3,3.00,6,3,50.0,0,0,1,0,0.0,0,0,0,0,,2018,1102da02
27,Ignatiy Nesterov,uz UZB,GK,Ohod,35,1983,2,2,180,2.0,2,1.00,6,4,66.7,2,0,0,0,0.0,1,0,0,1,,2018,282fe401
28,Mohammed Al-Owais,sa KSA,GK,Al-Ahli,26,1991,26,26,2340,26.0,32,1.23,118,90,75.4,15,4,7,9,34.6,4,3,1,0,25.0,2018,f2c060c6
29,Abdullah Al-Owaishir,sa KSA,GK,Al-Nassr,27,1991,1,0,45,0.5,2,4.00,3,2,66.7,0,0,0,0,,1,1,0,0,0.0,2018,6a1fe279
30,Abdullah Al-Owaishir,sa KSA,GK,Ohod,27,1991,6,6,540,6.0,13,2.17,39,26,66.7,0,3,3,2,33.3,0,0,0,0,,2018,6a1fe279
31,Assaf Al-Qarni,sa KSA,GK,Al-Ittihad,34,1984,7,7,630,7.0,16,2.29,30,16,53.3,0,2,5,0,0.0,3,2,0,1,0.0,2018,71ea7c96
32,Fawaz Al-Qarni,sa KSA,GK,Al-Ittihad,26,1992,22,22,1980,22.0,24,1.09,83,63,74.7,9,5,8,7,31.8,4,3,1,0,25.0,2018,5e08e9d2
33,Abdullah Al Saleh,sa KSA,GK,Al-Ettifaq,28,1989,7,6,559,6.2,14,2.25,38,26,68.4,1,1,4,1,16.7,2,2,0,0,0.0,2018,60f83f9c
34,Hussain Shae'an,sa KSA,GK,Al-Taawoun,29,1989,1,1,90,1.0,1,1.00,3,2,66.7,1,0,0,0,0.0,0,0,0,0,,2018,4049ea16
35,Amer Shafi,jo JOR,GK,Al-Fayha,36,1982,13,13,1156,12.8,18,1.40,58,43,74.1,5,2,6,2,15.4,3,3,0,0,0.0,2018,daba9f12
36,Abdullah Al-Shammeri,sa KSA,GK,Al-Raed,26,1991,1,1,90,1.0,5,5.00,10,5,50.0,0,0,1,0,0.0,0,0,0,0,,2018,dcee5a82
37,Khalid Sharahili,sa KSA,GK,Ohod,31,1987,4,4,360,4.0,8,2.00,23,17,73.9,2,0,2,2,50.0,3,2,0,1,0.0,2018,a890a99e
38,Abdullah Al-Sudairy,sa KSA,GK,Al-Shabab,26,1992,1,1,90,1.0,4,4.00,9,5,55.6,0,0,1,0,0.0,0,0,0,0,,2018,8e2d837d
39,Mohammed Al Yami,sa KSA,GK,Al-Batin,20,1997,6,5,468,5.2,8,1.54,19,11,57.9,1,1,3,1,20.0,0,0,0,0,,2018,0bb0f7c6
1,Waleed Abdullah,sa KSA,GK,Al-Nassr,31,1986,20,20,1764,19.6,24,1.22,,0,,10,7,3,5,25.0,2,1,0,1,0.0,2017,aec6d2a5
2,Mohammed Assiri,sa KSA,GK,Al-Qadsiah,24,1992,3,3,270,3.0,6,2.00,,0,,2,0,1,0,0.0,1,1,0,0,0.0,2017,77c437f4
3,Farouk Ben Mustapha,tn TUN,GK,Al-Shabab,28,1989,26,26,2315,25.7,34,1.32,,0,,8,7,11,5,19.2,4,3,1,0,25.0,2017,7b3c3cdf
4,Abdulrahman Dagriri,sa KSA,GK,Al-Fayha,27,1990,14,14,1260,14.0,17,1.21,,0,,6,6,2,5,35.7,3,3,0,0,0.0,2017,aacb1b3d
5,Azzedine Doukha,dz ALG,GK,Ohod,30,1986,26,26,2340,26.0,47,1.81,,0,,4,6,16,3,11.5,7,7,0,0,0.0,2017,1b7f3530
6,Mazyad Freeh,sa KSA,GK,Al-Batin,28,1989,17,17,1530,17.0,25,1.47,,0,,5,5,7,4,23.5,4,3,1,0,25.0,2017,71dc1d1b
7,Moslem Al Freej,sa KSA,GK,Al-Fayha,29,1988,5,5,450,5.0,13,2.60,,0,,1,0,4,0,0.0,2,2,0,0,0.0,2017,3d438767
8,Sultan Al-Ghamdi,sa KSA,GK,Al-Taawoun,25,1992,1,1,90,1.0,,,,0,,0,0,1,0,0.0,0,0,0,0,,2017,61b93dd0
9,Ali Al-Habsi,om OMA,GK,Al-Hilal,35,1981,13,13,1170,13.0,9,0.69,,0,,7,5,1,4,30.8,1,1,0,0,0.0,2017,032f766b
10,Essam El-Hadary,eg EGY,GK,Al-Taawoun,44,1973,25,25,2250,25.0,33,1.32,,0,,9,7,9,6,24.0,4,1,1,2,50.0,2017,79307650
11,Ahmed Al-Kassar,sa KSA,GK,Al-Ettifaq,26,1991,10,10,900,10.0,21,2.10,,0,,3,2,5,0,0.0,1,1,0,0,0.0,2017,eedb42fd
12,Raïs M'Bolhi,dz ALG,GK,Al-Ettifaq,31,1986,9,9,810,9.0,11,1.22,,0,,5,3,1,2,22.2,0,0,0,0,,2017,c121a641
13,Mustafa Malayekah,sa KSA,GK,Al-Faisaly,31,1986,26,26,2340,26.0,31,1.19,,0,,9,8,9,6,23.1,6,5,1,0,16.7,2017,86c45703
14,Faisel Masrahi,sa KSA,GK,Al-Qadsiah,24,1993,23,23,2070,23.0,33,1.43,,0,,4,7,12,4,17.4,9,6,2,1,25.0,2017,4bd0d221
15,Aymen Mathlouthi,tn TUN,GK,Al-Batin,32,1984,7,7,630,7.0,18,2.57,,0,,2,1,4,1,14.3,3,2,1,0,33.3,2017,dd1abe1b
16,Abdullah Al-Mayouf,sa KSA,GK,Al-Hilal,30,1987,13,13,1170,13.0,13,1.00,,0,,9,3,1,4,30.8,3,2,1,0,33.3,2017,c3c96222
17,Ali Al-Mazidi,sa KSA,GK,Al-Fateh,31,1985,23,23,2070,23.0,27,1.17,,0,,9,8,6,8,34.8,3,2,0,1,0.0,2017,a75cacfd
18,Yasser Al Mosailem,sa KSA,GK,Al-Ahli,33,1984,2,2,180,2.0,0,0.00,,0,,2,0,0,2,100.0,0,0,0,0,,2017,6869a0aa
19,Nasser Al-Muheeni,sa KSA,GK,Al-Batin,28,1988,3,2,180,2.0,2,1.00,,0,,1,1,0,0,0.0,1,1,0,0,0.0,2017,2e19f045
20,Saleh Al Ohaymid,sa KSA,GK,Al-Nassr,19,1998,1,1,90,1.0,,,,0,,1,0,0,0,0.0,0,0,0,0,,2017,9f394f49
21,Mohammed Al-Owais,sa KSA,GK,Al-Ahli,25,1991,24,24,2160,24.0,26,1.08,,0,,14,7,3,7,29.2,6,2,1,3,33.3,2017,f2c060c6
22,Abdullah Al-Owaishir,sa KSA,GK,Al-Fateh,26,1991,3,3,270,3.0,8,2.67,,0,,0,1,2,1,33.3,2,1,1,0,50.0,2017,6a1fe279
23,Assaf Al-Qarni,sa KSA,GK,Al-Ittihad,33,1984,8,8,720,8.0,8,1.00,,0,,3,3,2,2,25.0,1,0,1,0,100.0,2017,71ea7c96
24,Fawaz Al-Qarni,sa KSA,GK,Al-Ittihad,25,1992,18,18,1620,18.0,30,1.67,,0,,5,6,7,3,16.7,4,2,1,1,33.3,2017,5e08e9d2
25,Ahmed Al-Rehaili,sa KSA,GK,Al-Raed,22,1994,7,7,630,7.0,15,2.14,,0,,1,2,4,0,0.0,3,3,0,0,0.0,2017,cd9753ac
26,Abdullah Al Saleh,sa KSA,GK,Al-Ettifaq,27,1989,7,7,630,7.0,11,1.57,,0,,2,1,4,1,14.3,2,2,0,0,0.0,2017,60f83f9c
27,Hussain Shae'an,sa KSA,GK,Al-Nassr,28,1989,6,5,486,5.4,9,1.67,,0,,1,1,3,0,0.0,0,0,0,0,,2017,4049ea16
28,Fahad Al-Shamri,sa KSA,GK,Al-Fayha,36,1981,7,7,630,7.0,9,1.29,,0,,1,4,2,1,14.3,0,0,0,0,,2017,91e49bff
29,Mutaeb Sharahili,sa KSA,GK,Al-Raed,24,1992,19,19,1710,19.0,37,1.95,,0,,4,7,8,2,10.5,5,5,0,0,0.0,2017,d9a71497
30,Abdullah Al-Sudairy,sa KSA,GK,Al-Shabab,25,1992,1,0,25,0.3,,,,0,,,,,0,,0,0,0,0,,2017,8e2d837d
1,Waleed Abdullah,sa KSA,GK,Al-Shabab,30,1986,13,13,1170,13.0,,,,0,,4,7,2,4,30.8,3,3,0,0,0.0,2016,aec6d2a5
2,Ali Al-Ameri,sa KSA,GK,Al-Ittihad,21,1994,2,2,180,2.0,,,,0,,1,0,1,1,50.0,0,0,0,0,,2016,5785501b
3,Abdullah Al-Arraf,sa KSA,GK,Al-Wehda,21,1995,16,16,1440,16.0,,,,0,,2,2,12,1,6.3,4,4,0,0,0.0,2016,ef8f9866
4,Mohammed Assiri,sa KSA,GK,Al-Qadsiah,23,1992,5,4,360,4.0,,,,0,,0,2,2,1,25.0,2,1,0,1,0.0,2016,77c437f4
5,Mohammed Awaji,sa KSA,GK,Al-Shabab,21,1994,7,7,630,7.0,,,,0,,2,1,4,1,14.3,2,1,0,1,0.0,2016,05280490
6,Abdullah Al-Enezi,sa KSA,GK,Al-Nassr,25,1990,7,7,630,7.0,,,,0,,4,1,2,3,42.9,0,0,0,0,,2016,b99aba4f
7,Waleed Al-Enezi,sa KSA,GK,Al-Nassr,20,1996,7,7,630,7.0,,,,0,,4,1,2,3,42.9,0,0,0,0,,2016,32f4687b
8,Mazyad Freeh,sa KSA,GK,Al-Batin,27,1989,24,24,2160,24.0,,,,0,,5,8,11,6,25.0,3,3,0,0,0.0,2016,71dc1d1b
9,Moslem Al Freej,sa KSA,GK,Al-Khaleej,28,1988,26,26,2340,26.0,,,,0,,5,8,13,3,11.5,8,5,0,3,0.0,2016,3d438767
10,Ahmed Al-Ghamdi,sa KSA,GK,Al-Wehda,22,1994,5,4,406,4.5,,,,0,,2,0,2,0,0.0,1,1,0,0,0.0,2016,4a2a3b44
11,Sultan Al-Ghamdi,sa KSA,GK,Al-Taawoun,24,1992,5,4,405,4.5,,,,0,,1,0,3,1,25.0,1,1,0,0,0.0,2016,61b93dd0
12,Mansor Joher,sa KSA,GK,Al-Shabab,21,1995,5,5,450,5.0,,,,0,,1,1,3,0,0.0,2,1,0,1,0.0,2016,2d60c725
13,Ahmed Al-Kassar,sa KSA,GK,Al-Ettifaq,25,1991,26,26,2340,26.0,,,,0,,7,6,13,3,11.5,4,3,0,1,0.0,2016,eedb42fd
14,Mustafa Malayekah,sa KSA,GK,Al-Faisaly,30,1986,17,17,1530,17.0,,,,0,,4,7,6,4,23.5,2,2,0,0,0.0,2016,86c45703
15,Faisel Masrahi,sa KSA,GK,Al-Qadsiah,23,1993,22,22,1980,22.0,,,,0,,6,8,8,3,13.6,4,3,1,0,25.0,2016,4bd0d221
16,Abdullah Al-Mayouf,sa KSA,GK,Al-Hilal,29,1987,26,26,2340,26.0,,,,0,,21,3,2,13,50.0,2,0,2,0,100.0,2016,c3c96222
17,Ali Al-Mazidi,sa KSA,GK,Al-Fateh,30,1985,5,5,450,5.0,,,,0,,2,1,2,1,20.0,1,1,0,0,0.0,2016,a75cacfd
18,Yasser Al Mosailem,sa KSA,GK,Al-Ahli,32,1984,16,16,1371,15.2,,,,0,,9,4,3,3,18.8,4,2,0,2,0.0,2016,6869a0aa
19,Nasser Al-Muheeni,sa KSA,GK,Al-Batin,27,1988,1,1,90,1.0,,,,0,,1,0,0,0,0.0,1,0,0,1,,2016,2e19f045
20,Khaled Al-Muqaitib,sa KSA,GK,Al-Raed,24,1992,1,1,90,1.0,,,,0,,0,0,1,0,0.0,1,1,0,0,0.0,2016,ad7a094f
21,Mansour Al-Naji,sa KSA,GK,Al-Batin,38,1978,1,1,90,1.0,,,,0,,0,0,1,0,0.0,0,0,0,0,,2016,073463b3
22,Mohammed Al-Owais,sa KSA,GK,Al-Shabab,24,1991,1,1,90,1.0,,,,0,,1,0,0,1,100.0,0,0,0,0,,2016,f2c060c6
23,Abdullah Al-Owaishir,sa KSA,GK,Al-Fateh,25,1991,21,21,1890,21.0,,,,0,,5,7,9,3,14.3,6,4,0,2,0.0,2016,6a1fe279
24,Assaf Al-Qarni,sa KSA,GK,Al-Ittihad,32,1984,15,15,1350,15.0,,,,0,,11,2,2,3,20.0,4,4,0,0,0.0,2016,71ea7c96
25,Fawaz Al-Qarni,sa KSA,GK,Al-Ittihad,24,1992,9,9,810,9.0,,,,0,,5,2,2,2,22.2,4,2,0,2,0.0,2016,5e08e9d2
26,Ahmed Al-Rehaili,sa KSA,GK,Al-Ahli,21,1994,11,10,969,10.8,,,,0,,8,0,2,4,40.0,3,2,1,0,33.3,2016,cd9753ac
27,Hussain Shae'an,sa KSA,GK,Al-Nassr,27,1989,12,12,1080,12.0,,,,0,,8,2,2,5,41.7,2,2,0,0,0.0,2016,4049ea16
28,Fahad Al-Shamri,sa KSA,GK,Al-Taawoun,35,1981,19,19,1665,18.5,,,,0,,8,4,7,7,36.8,4,3,0,1,0.0,2016,91e49bff
29,Khalid Sharahili,sa KSA,GK,Al-Raed,29,1987,6,6,480,5.3,,,,0,,3,1,2,1,16.7,0,0,0,0,,2016,a890a99e
30,Mutaeb Sharahili,sa KSA,GK,Al-Raed,23,1992,14,13,1230,14.2,0,0.00,0,0,,6,0,7,2,15.4,4,3,0,1,0.0,2016,d9a71497
31,Mohammed Sharifi,sa KSA,GK,Al-Raed,37,1978,5,5,450,5.0,,,,0,,2,0,3,0,0.0,0,0,0,0,,2016,85573257
32,Faiz Al Subaiei,sa KSA,GK,Al-Taawoun,33,1982,3,3,270,3.0,,,,0,,0,0,3,0,0.0,2,1,1,0,50.0,2016,6a5efb82
33,Abdullah Al-Sudairy,sa KSA,GK,Al-Wehda,24,1992,6,6,494,5.5,,,,0,,1,0,5,0,0.0,1,1,0,0,0.0,2016,8e2d837d
34,Abdullah Al-Zahrani,sa KSA,GK,Al-Raed,22,1993,1,1,90,1.0,,,,0,,0,1,0,0,0.0,0,0,0,0,,2016,4900efdb
35,Ibrahim Zaied,sa KSA,GK,Al-Faisaly,26,1990,9,9,810,9.0,,,,0,,2,3,4,2,22.2,2,1,0,1,0.0,2016,087c8b82
1,Waleed Abdullah,sa KSA,GK,Al-Shabab,29,1986,5,4,410,4.6,,,,0,,1,1,2,0,0.0,1,1,0,0,0.0,2015,aec6d2a5
2,Abdullah Al-Arraf,sa KSA,GK,Al-Wehda,20,1995,10,10,900,10.0,,,,0,,2,3,5,3,30.0,2,1,1,0,50.0,2015,ef8f9866
3,Abdullah Al-Enezi,sa KSA,GK,Al-Nassr,24,1990,9,8,753,8.4,,,,0,,1,3,4,2,25.0,2,1,0,1,0.0,2015,b99aba4f
4,Ahmed Al-Fahmi,sa KSA,GK,Al-Wehda,24,1990,10,10,900,11.0,0,0.00,0,0,,3,2,5,1,10.0,2,1,1,0,50.0,2015,6cddbd9b
5,Sami Fedha,sa KSA,GK,Al-Wehda,26,1989,1,1,90,1.3,0,0.00,0,0,,1,0,0,0,0.0,0,0,0,0,,2015,836020d8
6,Moslem Al Freej,sa KSA,GK,Al-Khaleej,27,1988,22,22,1935,21.5,,,,0,,7,8,7,5,22.7,5,4,1,0,20.0,2015,3d438767
7,Sultan Al-Ghamdi,sa KSA,GK,Al-Taawoun,23,1992,1,0,52,0.6,,,,0,,,,,0,,0,0,0,0,,2015,61b93dd0
8,Abdullah Al Jadani,sa KSA,GK,Najran,23,1991,3,3,270,3.0,,,,0,,0,1,2,0,0.0,2,1,1,0,50.0,2015,d0e20c59
9,Mustafa Malayekah,sa KSA,GK,Hajer,29,1986,22,21,1935,21.5,,,,0,,2,3,16,3,14.3,6,5,1,0,16.7,2015,86c45703
10,Faisal Al Margab,sa KSA,GK,Al-Taawoun,34,1981,4,4,308,3.4,,,,0,,3,1,0,1,25.0,0,0,0,0,,2015,2f119b9e
11,Faisel Masrahi,sa KSA,GK,Al-Qadsiah,22,1993,26,26,2340,26.0,,,,0,,6,10,10,7,26.9,4,1,2,1,66.7,2015,4bd0d221
12,Abdullah Al-Mayouf,sa KSA,GK,Al-Ahli,28,1987,4,4,360,4.0,,,,0,,3,0,1,1,25.0,0,0,0,0,,2015,c3c96222
13,Ali Al-Mazidi,sa KSA,GK,Al-Fateh,29,1985,8,8,675,7.5,,,,0,,4,2,2,2,25.0,0,0,0,0,,2015,a75cacfd
14,Yasser Al Mosailem,sa KSA,GK,Al-Ahli,31,1984,22,22,1980,22.0,,,,0,,16,6,0,10,45.5,4,3,0,1,0.0,2015,6869a0aa
15,Hani Al-Nahedh,sa KSA,GK,Al-Ittihad,27,1987,3,3,270,3.0,,,,0,,2,0,1,1,33.3,0,0,0,0,,2015,01cc5b4f
16,Mansour Al-Naji,sa KSA,GK,Al-Faisaly,37,1978,20,20,1800,20.0,,,,0,,6,5,9,5,25.0,5,4,1,0,20.0,2015,073463b3
17,Mohammed Al-Omran,sa KSA,GK,Hajer,20,1994,2,2,135,1.5,,,,0,,0,0,2,0,0.0,0,0,0,0,,2015,aad1f4a9
18,Mohammed Al-Owais,sa KSA,GK,Al-Shabab,23,1991,22,22,1930,21.4,,,,0,,10,5,7,8,36.4,2,1,1,0,50.0,2015,f2c060c6
19,Abdullah Al-Owaishir,sa KSA,GK,Al-Fateh,24,1991,19,18,1665,18.5,,,,0,,7,6,5,6,33.3,2,2,0,0,0.0,2015,6a1fe279
20,Assaf Al-Qarni,sa KSA,GK,Al-Ittihad,31,1984,15,14,1337,14.9,,,,0,,9,2,3,5,35.7,2,1,1,0,50.0,2015,71ea7c96
21,Fawaz Al-Qarni,sa KSA,GK,Al-Ittihad,23,1992,9,9,733,8.1,,,,0,,4,2,3,1,11.1,1,0,0,1,,2015,5e08e9d2
22,Khaled Razi,sa KSA,GK,Hajer,33,1981,3,3,270,3.0,,,,0,,0,0,3,0,0.0,1,0,1,0,100.0,2015,ee89a440
23,Hussain Shae'an,sa KSA,GK,Al-Nassr,26,1989,11,11,941,10.4,,,,0,,3,5,3,2,18.2,2,2,0,0,0.0,2015,4049ea16
24,Fahad Al-Shamri,sa KSA,GK,Al-Raed,34,1981,25,25,2250,25.0,,,,0,,6,6,13,4,16.0,7,7,0,0,0.0,2015,91e49bff
25,Khalid Sharahili,sa KSA,GK,Al-Hilal,28,1987,20,20,1800,20.0,,,,0,,13,3,4,10,50.0,2,2,0,0,0.0,2015,a890a99e
26,Mutaeb Sharahili,sa KSA,GK,Al-Nassr,22,1992,7,6,556,6.2,,,,0,,3,2,1,4,66.7,1,0,1,0,100.0,2015,d9a71497
27,Mohammed Sharifi,sa KSA,GK,Al-Wehda,36,1978,4,4,360,4.0,,,,0,,2,2,0,0,0.0,0,0,0,0,,2015,85573257
28,Faiz Al Subaiei,sa KSA,GK,Al-Taawoun,32,1982,22,22,1980,22.0,,,,0,,10,5,7,5,22.7,6,3,3,0,50.0,2015,6a5efb82
29,Abdullah Al-Sudairy,sa KSA,GK,Al-Hilal,23,1992,2,2,180,2.0,,,,0,,1,0,1,0,0.0,0,0,0,0,,2015,8e2d837d
30,Abdulaziz Takrouni,sa KSA,GK,Najran,23,1991,23,23,2070,23.0,,,,0,,5,5,13,1,4.3,5,4,1,0,20.0,2015,c0bb1006
31,Fahad Al-Thunayan,sa KSA,GK,Al-Hilal,28,1986,4,4,360,4.0,,,,0,,3,1,0,2,50.0,0,0,0,0,,2015,bf3c372e
32,Mohammed Al-Towil,sa KSA,GK,Al-Khaleej,24,1991,5,4,405,4.5,,,,0,,1,1,2,1,25.0,1,0,0,1,,2015,62d054c9
33,Ibrahim Zaied,sa KSA,GK,Al-Faisaly,25,1990,6,6,540,6.0,,,,0,,1,3,2,2,33.3,0,0,0,0,,2015,087c8b82
1,Waleed Abdullah,sa KSA,GK,Al-Shabab,28,1986,17,17,1530,17.0,,,,0,,8,5,4,8,47.1,1,1,0,0,0.0,2014,aec6d2a5
2,Basem Alatala,sa KSA,GK,Al-Taawoun,24,1989,4,4,360,4.0,,,,0,,1,0,3,1,25.0,0,0,0,0,,2014,27411252
3,Basim Al Baqi,sa KSA,GK,Al-Taawoun,24,1989,17,17,1530,17.0,,,,0,,6,6,5,4,23.5,3,2,0,1,0.0,2014,407eaed7
4,Abdulrahman Dagriri,sa KSA,GK,Hajer,24,1990,3,2,202,2.3,,,,0,,0,0,2,0,0.0,0,0,0,0,,2014,aacb1b3d
5,Abdullah Al-Enezi,sa KSA,GK,Al-Nassr,23,1990,24,24,2148,23.9,,,,0,,19,3,2,10,41.7,6,6,0,0,0.0,2014,b99aba4f
6,Moslem Al Freej,sa KSA,GK,Al-Khaleej,26,1988,26,26,2340,26.0,,,,0,,7,8,11,3,11.5,5,4,0,1,0.0,2014,3d438767
7,Sultan Al-Ghamdi,sa KSA,GK,Al-Taawoun,22,1992,2,2,180,2.0,,,,0,,0,1,1,0,0.0,1,1,0,0,0.0,2014,61b93dd0
8,Saied Al Harbi,sa KSA,GK,Al-Shoulla,32,1981,7,7,630,7.0,,,,0,,1,2,4,1,14.3,0,0,0,0,,2014,5058b282
9,Ibrahim Al Hazmi,sa KSA,GK,Al-Orobah,,,1,1,90,1.0,,,,0,,0,0,1,0,0.0,0,0,0,0,,2014,dd5328bb
10,Abdullah Al Jadani,sa KSA,GK,Najran,22,1991,8,8,720,8.0,,,,0,,3,1,4,2,25.0,5,5,0,0,0.0,2014,d0e20c59
11,Mansor Joher,sa KSA,GK,Al-Shabab,19,1995,2,1,150,1.7,,,,0,,0,1,0,1,100.0,0,0,0,0,,2014,2d60c725
12,Ahmed Al-Kassar,sa KSA,GK,Al-Raed,23,1991,26,26,2340,26.0,,,,0,,7,5,14,3,11.5,7,6,0,1,0.0,2014,eedb42fd
13,Mustafa Malayekah,sa KSA,GK,Hajer,28,1986,24,24,2134,23.7,,,,0,,8,4,12,3,12.5,7,7,0,0,0.0,2014,86c45703
14,Faisal Al Margab,sa KSA,GK,Al-Taawoun,33,1981,4,3,270,3.0,,,,0,,0,0,3,0,0.0,1,1,0,0,0.0,2014,2f119b9e
15,Abdullah Al-Mayouf,sa KSA,GK,Al-Ahli,27,1987,24,24,2160,24.0,,,,0,,17,7,0,9,37.5,2,2,0,0,0.0,2014,c3c96222
16,Ali Al-Mazidi,sa KSA,GK,Al-Fateh,28,1985,11,11,990,11.0,,,,0,,4,3,4,3,27.3,5,3,0,2,0.0,2014,a75cacfd
17,Yasser Al Mosailem,sa KSA,GK,Al-Ahli,30,1984,1,1,90,1.0,,,,0,,0,1,0,0,0.0,0,0,0,0,,2014,6869a0aa
18,Hani Al-Nahedh,sa KSA,GK,Al-Ittihad,26,1987,14,14,1260,14.0,,,,0,,9,2,3,4,28.6,5,4,0,1,0.0,2014,01cc5b4f
19,Mansour Al-Naji,sa KSA,GK,Al-Faisaly,36,1978,14,14,1215,13.5,,,,0,,4,4,6,4,28.6,2,2,0,0,0.0,2014,073463b3
20,Khaled Nasser,sa KSA,GK,Al-Shoulla,25,1988,6,6,540,6.0,,,,0,,1,1,4,2,33.3,1,1,0,0,0.0,2014,1df38124
21,Mohammed Al-Owais,sa KSA,GK,Al-Shabab,22,1991,8,8,655,7.3,,,,0,,3,1,4,1,12.5,1,1,0,0,0.0,2014,f2c060c6
22,Abdullah Al-Owaishir,sa KSA,GK,Al-Fateh,23,1991,15,15,1350,15.0,,,,0,,5,3,7,1,6.7,5,1,0,4,0.0,2014,6a1fe279
23,Fawaz Al-Qarni,sa KSA,GK,Al-Ittihad,22,1992,11,11,987,11.0,,,,0,,7,2,2,3,27.3,2,2,0,0,0.0,2014,5e08e9d2
24,Mohammed Rabee,sa KSA,GK,Al-Orobah,32,1982,6,6,540,6.0,,,,0,,0,3,3,2,33.3,0,0,0,0,,2014,08911246
25,Rafea Al-Ruwaili,sa KSA,GK,Al-Orobah,24,1990,19,19,1710,19.0,,,,0,,4,2,13,2,10.5,5,4,0,1,0.0,2014,fd8092a8
26,Nasser Al-Saiari,sa KSA,GK,Najran,25,1988,4,3,344,3.8,,,,0,,1,0,2,2,66.7,0,0,0,0,,2014,37abe529
27,Hussain Shae'an,sa KSA,GK,Al-Nassr,25,1989,3,2,192,2.1,,,,0,,1,1,0,3,150.0,0,0,0,0,,2014,4049ea16
28,Khalid Sharahili,sa KSA,GK,Al-Hilal,27,1987,10,10,900,10.0,,,,0,,8,1,1,7,70.0,0,0,0,0,,2014,a890a99e
29,Mohammed Sharifi,sa KSA,GK,Najran,35,1978,15,15,1272,14.1,,,,0,,3,2,10,3,20.0,3,3,0,0,0.0,2014,85573257
30,Abdullah Al-Sudairy,sa KSA,GK,Al-Hilal,22,1992,14,14,1260,14.0,,,,0,,6,5,3,3,21.4,4,4,0,0,0.0,2014,8e2d837d
31,Abdulaziz Takroni,sa KSA,MF,Al-Ittihad,22,1991,1,1,90,1.0,,,,0,,0,0,1,0,0.0,0,0,0,0,,2014,1d8eeaf4
32,Fahad Al-Thunayan,sa KSA,GK,Al-Hilal,27,1986,2,2,180,2.0,,,,0,,2,0,0,0,0.0,0,0,0,0,,2014,bf3c372e
33,Mohammed Al-Waked,sa KSA,GK,Al-Shoulla,22,1992,13,13,1170,13.0,,,,0,,3,3,7,1,7.7,3,3,0,0,0.0,2014,be401296
34,Ibrahim Zaied,sa KSA,GK,Al-Faisaly,24,1990,13,12,1125,12.5,,,,0,,4,2,6,5,41.7,1,1,0,0,0.0,2014,087c8b82